3.843884352757754863e-01 6.146225038843508015e-01 9.890608398736566720e-04
3.952025185406927155e-01 5.979233463746802535e-01 6.874135084627031912e-03
4.066000594771911336e-01 5.779471178315925828e-01 1.545282269121628360e-02
4.198841552858443293e-01 5.530796497894083785e-01 2.703619492474729213e-02
4.340792491548085552e-01 5.244913318923384304e-01 4.142941895285301435e-02
4.480737365381592952e-01 4.933841788808533968e-01 5.854208458098736356e-02
4.608837264216340546e-01 4.611616216364851084e-01 7.795465194188078151e-02
4.720437057713667839e-01 4.288345326892905041e-01 9.912176153934272593e-02
4.813688639331319963e-01 3.968981501943473766e-01 1.217329858725205854e-01
4.887644907695126717e-01 3.657827470341558085e-01 1.454527621963315198e-01
4.943231412466930763e-01 3.357141489658217459e-01 1.699627097874852055e-01
4.980984088642227414e-01 3.068091835396545841e-01 1.950924075961227022e-01
5.002719381666491660e-01 2.791525885165269116e-01 2.205754733168238391e-01
5.010674144105822236e-01 2.527939969791184183e-01 2.461385886102992748e-01
5.004454279242015469e-01 2.278006569450375940e-01 2.717539151307608036e-01
4.986703333360620327e-01 2.042904877719442513e-01 2.970391788919937714e-01
4.956522793797154547e-01 1.825218333569232909e-01 3.218258872633613099e-01
4.916732273851626145e-01 1.624529949065743883e-01 3.458737777082629417e-01
4.866414715452020978e-01 1.444195645793087124e-01 3.689389638754892453e-01
4.805247609032272105e-01 1.289157191366234745e-01 3.905595199601493706e-01
4.733039465007431446e-01 1.164376628293839477e-01 4.102583906698728522e-01
4.648564186206696203e-01 1.076393712841725581e-01 4.275042100951578217e-01
4.550931549830806166e-01 1.030627398607848466e-01 4.418441051561344812e-01
4.440118121854815247e-01 1.028993370219579706e-01 4.530888507925604491e-01
4.317205412788753804e-01 1.067863630808463249e-01 4.614930956402782392e-01
4.184467945618579043e-01 1.140517468466246687e-01 4.675014585915174825e-01
4.043992481933494920e-01 1.239402773747354525e-01 4.716604744319151110e-01
3.897988281965057977e-01 1.356636778684766620e-01 4.745374939350175958e-01
3.748380088736614768e-01 1.486066594757883275e-01 4.765553316505501402e-01
3.596692528678522849e-01 1.623159791758297388e-01 4.780147679563179208e-01
3.444141987363062429e-01 1.764934098484851610e-01 4.790923914152086516e-01
3.291714444170701359e-01 1.909375381503048974e-01 4.798910174326249112e-01
3.139686503862730294e-01 2.055369553631665180e-01 4.804943942505605081e-01
2.988517011145645497e-01 2.201986682752818947e-01 4.809496306101536112e-01
2.839916296109386007e-01 2.347507847987808649e-01 4.812575855902804789e-01
2.693537519629458643e-01 2.491999767617287809e-01 4.814462712753254103e-01
2.548552144720311885e-01 2.635891739521104560e-01 4.815556115758583555e-01
2.405486575386767412e-01 2.778697841749147024e-01 4.815815582864085287e-01
2.265015631269859941e-01 2.919378900855575942e-01 4.815605467874564116e-01
2.126831544515147832e-01 3.058200665358311587e-01 4.814967790126540303e-01
1.990375062818997287e-01 3.195680500654983769e-01 4.813944436526019222e-01
1.856596238945342203e-01 3.330821416772327126e-01 4.812582344282331226e-01
1.726151150612717511e-01 3.463518582064826212e-01 4.810330267322456832e-01
1.597458044813543643e-01 3.594892616419972375e-01 4.807649338766483704e-01
1.472223575648318183e-01 3.723510832980517771e-01 4.804265591371164046e-01
1.348820418055011183e-01 3.850594138450761372e-01 4.800585443494227444e-01
1.229223969962629781e-01 3.974022605985415568e-01 4.796753424051954373e-01
1.112311772307662816e-01 4.094763305141316811e-01 4.792924922551020095e-01
9.988903706698940010e-02 4.211929643920451216e-01 4.789179985409654505e-01
8.892503372332766221e-02 4.325190218987144952e-01 4.785559443779578981e-01
7.821274055643587242e-02 4.436212659140896797e-01 4.781659935294744757e-01
6.787236815316255445e-02 4.543901122936808701e-01 4.777375195531565755e-01
5.778404825086619345e-02 4.649515937643824426e-01 4.772643579847513085e-01
4.804432792168675248e-02 4.752228715071731280e-01 4.767328005711401473e-01
3.858668581976043566e-02 4.852702759326895654e-01 4.761430382475499989e-01
2.943065420790225151e-02 4.950861779843168664e-01 4.754831678077808821e-01
2.059487508478161089e-02 5.045985632744508509e-01 4.748065616407675660e-01
1.205891965339769833e-02 5.137800030504635629e-01 4.741610772961387665e-01
3.791587792414369273e-03 5.227141355215823015e-01 4.734942766860033569e-01
4.288410037819018195e-03 5.228121126197869950e-01 4.728994773423939590e-01
1.212580242443345169e-02 5.155873997425819422e-01 4.722867978329846617e-01
1.978103423349961143e-02 5.084528250409346972e-01 4.717661407255657191e-01
2.715256595571391429e-02 5.015325729502277952e-01 4.713148610940582905e-01
3.438869099328020762e-02 4.947382827932079730e-01 4.708730262135118472e-01
4.135284386534873735e-02 4.881830954518953103e-01 4.704640606827559801e-01
4.820392729350020389e-02 4.817417975258733165e-01 4.700542751806264796e-01
5.469750525412389597e-02 4.756254339623492422e-01 4.696770607835268341e-01
6.112468734039255835e-02 4.695867397451369829e-01 4.692885729144704587e-01
6.728257263146081302e-02 4.639021392023321422e-01 4.688152881662069893e-01
7.343517622963308122e-02 4.582503574473784091e-01 4.683144663229885651e-01
7.931637929231746820e-02 4.529520218479887728e-01 4.677315988596937868e-01
8.508733566689738459e-02 4.478087609149846715e-01 4.671039034181179717e-01
9.061501915190212086e-02 4.429840889167175888e-01 4.664008919313803458e-01
9.599671880461871365e-02 4.383363554440471432e-01 4.656669257513341154e-01
1.012838329421291150e-01 4.338542629858317401e-01 4.648619040720390894e-01
1.065019351208158216e-01 4.295083993866712913e-01 4.639896654925129149e-01
1.115694414929987721e-01 4.252579552692429266e-01 4.631726032377582736e-01
1.163777342884784183e-01 4.211959812255896551e-01 4.624262844859319266e-01
1.211469047776404240e-01 4.171619314968019188e-01 4.616911637255576850e-01
1.258588919244046089e-01 4.133442206838900956e-01 4.607968873917052677e-01
1.305867291258071827e-01 4.095632969714390059e-01 4.598499739027537836e-01
1.348234498456022390e-01 4.059782352133163297e-01 4.591983149410814313e-01
1.387772326365413755e-01 4.025139204330426823e-01 4.587088469304159699e-01
1.427772330500506059e-01 3.990332508169344150e-01 4.581895161330150068e-01
1.469654578211595508e-01 3.956549167305435377e-01 4.573796254482969115e-01
1.511090892044386069e-01 3.922620858198351268e-01 4.566288249757263218e-01
1.546064079052346663e-01 3.889623928381995555e-01 4.564311992565658338e-01
1.579583379696751777e-01 3.856968941450934496e-01 4.563447678852313727e-01
1.613922927199876456e-01 3.825517466997857552e-01 4.560559605802266270e-01
1.649560657152643606e-01 3.795409919717807057e-01 4.555029423129549060e-01
1.683070413786961206e-01 3.765702195763355187e-01 4.551227390449683607e-01
1.711395322421867260e-01 3.737201431238299509e-01 4.551403246339832953e-01
1.739876840778411260e-01 3.708699057371285246e-01 4.551424101850303772e-01
1.768037060879185940e-01 3.682134658941146332e-01 4.549828280179668005e-01
1.796408119488375199e-01 3.656869874600099379e-01 4.546722005911525422e-01
1.822989653118113340e-01 3.632413108625226483e-01 4.544597238256660177e-01
1.846754671881611076e-01 3.609501416389871986e-01 4.543743911728516660e-01
1.870028840172616447e-01 3.586626291489017904e-01 4.543344868338365372e-01
1.893075730499966247e-01 3.565282100911901786e-01 4.541642168588132522e-01
1.915839159006632320e-01 3.545218609766352946e-01 4.538942231227015012e-01
1.938875640097301178e-01 3.525048713373144516e-01 4.536075646529554861e-01
1.959756514325770305e-01 3.505672786040405775e-01 4.534570699633823643e-01
1.979912537305495712e-01 3.486547106853296052e-01 4.533540355841208513e-01
1.999928564943864173e-01 3.467396943421283684e-01 4.532674491634852698e-01
2.019276729037730311e-01 3.448299419018626688e-01 4.532423851943642723e-01
2.038641542009975716e-01 3.429262995465818253e-01 4.532095462524206031e-01
2.057774329367784427e-01 3.410287260167402801e-01 4.531938410464812494e-01
2.074544968094039488e-01 3.392792570037866939e-01 4.532662461868093851e-01
2.091329592982874019e-01 3.375373056301356200e-01 4.533297350715770335e-01
2.107931111284789272e-01 3.358323058546033302e-01 4.533745830169176871e-01
2.122880591291810004e-01 3.344006636969661939e-01 4.533112771738528335e-01
2.137627663305249059e-01 3.329998964473456224e-01 4.532373372221294994e-01
2.152068561835894789e-01 3.316206716307260605e-01 4.531724721856844607e-01
2.165245718853846257e-01 3.303049935774157175e-01 4.531704345371996845e-01
2.178222176556144918e-01 3.289958740349371302e-01 4.531819083094483780e-01
2.191123098227344135e-01 3.277002109743919478e-01 4.531874792028736665e-01
2.203550588423619228e-01 3.264774595822694803e-01 4.531674815753686247e-01
2.215733859472209522e-01 3.253021937510035544e-01 4.531244203017755212e-01
2.228118788021546670e-01 3.241156634304245276e-01 4.530724577674208331e-01
2.239520770866370025e-01 3.230406057515671225e-01 4.530073171617958749e-01
2.250074741989480931e-01 3.220871544935197672e-01 4.529053713075321119e-01
2.260614126162602544e-01 3.211639726376381843e-01 4.527746147461015336e-01
2.271242249445925288e-01 3.202254416871869180e-01 4.526503333682205255e-01
2.281773530244886883e-01 3.193476477132645153e-01 4.524749992622468242e-01
2.292032525857146119e-01 3.185220053674137075e-01 4.522747420468716806e-01
2.302328329093805970e-01 3.177103448048349543e-01 4.520568222857844209e-01
2.312819792830268228e-01 3.167973116024759284e-01 4.519207091144972765e-01
2.323394819425956825e-01 3.158657671916529353e-01 4.517947508657513822e-01
2.334002182770857359e-01 3.149334782062909177e-01 4.516663035166234019e-01
2.344546195590745397e-01 3.139893492252675555e-01 4.515560312156579048e-01
2.354822852785500575e-01 3.130171269060189054e-01 4.515005878154310648e-01
2.364991355155387220e-01 3.120537721818276156e-01 4.514470923026336346e-01
2.375201919588081356e-01 3.110899277482856995e-01 4.513898802929061649e-01
2.384797873861348727e-01 3.101444762903948771e-01 4.513757363234702225e-01
2.393773227258162994e-01 3.092166988616771306e-01 4.514059784125065145e-01
2.403039648647473381e-01 3.082637526977203279e-01 4.514322824375323617e-01
2.411850746932353573e-01 3.073606771751049571e-01 4.514542481316596856e-01
2.419527542796277852e-01 3.065921725980897961e-01 4.514550731222824465e-01
2.427251334773338765e-01 3.058212375242366221e-01 4.514536289984295570e-01
2.434874758697956887e-01 3.050785332088850055e-01 4.514339909213193058e-01
2.441626306852243966e-01 3.043940444162448467e-01 4.514433248985307290e-01
2.447591359888997287e-01 3.037408450823541051e-01 4.515000189287461940e-01
2.453486555720683637e-01 3.030741166459105518e-01 4.515772277820210290e-01
2.459432635518573329e-01 3.024173175798763324e-01 4.516394188682663624e-01
2.465531830178318839e-01 3.016936933800172804e-01 4.517531236021508634e-01
2.471707639876572771e-01 3.009095382091365734e-01 4.519196978032061218e-01
2.477737841689136300e-01 3.001213923458090349e-01 4.521048234852773073e-01
2.483683449182489678e-01 2.993422388334512352e-01 4.522894162482998248e-01
2.489035039809799343e-01 2.985070440041555084e-01 4.525894520148645572e-01
2.494205335631922982e-01 2.976381292968193204e-01 4.529413371399883537e-01
2.499433069948715225e-01 2.967660511445336935e-01 4.532906418605948118e-01
2.504699038721482918e-01 2.958985019809521333e-01 4.536315941468996304e-01
2.510471406215881718e-01 2.950269924652566544e-01 4.539258669131551738e-01
2.516465427287828405e-01 2.941583672038452502e-01 4.541950900673719094e-01
2.522459889994062010e-01 2.933019438263282375e-01 4.544520671742655615e-01
2.528386360277918854e-01 2.924445381855024229e-01 4.547168257867056362e-01
2.532718027831599716e-01 2.916921359818996917e-01 4.550360612349402811e-01
2.535909531825449870e-01 2.910398153186143366e-01 4.553692314988406764e-01
2.539489700098276348e-01 2.903640208110357390e-01 4.556870091791366262e-01
2.543005295667959409e-01 2.897266334012220668e-01 4.559728370319820479e-01
2.546409222576644371e-01 2.892270081697427830e-01 4.561320695725927798e-01
2.549969858028434122e-01 2.887595918649248361e-01 4.562434223322318072e-01
2.553498772016254970e-01 2.882912298234155957e-01 4.563588929749589629e-01
2.557258189747576571e-01 2.878556122890484348e-01 4.564185687361939636e-01
2.559164483850152605e-01 2.874378817065210701e-01 4.566456699084636695e-01
2.559948013072083084e-01 2.870270930370817375e-01 4.569781056557100096e-01
2.561315886905997652e-01 2.865962061284512696e-01 4.572722051809490207e-01
2.562223765156377286e-01 2.861896941267291217e-01 4.575879293576331497e-01
2.565983006117362186e-01 2.856058047793734733e-01 4.577958946088903636e-01
2.571582729379821020e-01 2.848715078382928478e-01 4.579702192237251057e-01
2.577210855521914201e-01 2.841107660471717811e-01 4.581681484006368543e-01
2.583066122709882784e-01 2.833375249577219090e-01 4.583558627712898126e-01
2.587795862179658180e-01 2.823920042137595399e-01 4.588284095682746977e-01
2.590755835810327756e-01 2.812767329999892318e-01 4.596476834189779925e-01
2.593696894857421276e-01 2.801519904128695337e-01 4.604783201013882832e-01
2.596720649495335431e-01 2.790017995774926041e-01 4.613261354729739083e-01
2.600614286676639630e-01 2.778335363784585343e-01 4.621050349538774471e-01
2.608428934918478048e-01 2.766153624479903428e-01 4.625417440601619079e-01
2.616029165746758256e-01 2.753736080176053536e-01 4.630234754077188208e-01
2.624165295289068167e-01 2.741239674852206099e-01 4.634595029858725734e-01
2.630634384037130458e-01 2.728455484156410149e-01 4.640910131806459948e-01
2.630640830854517609e-01 2.714905044307882598e-01 4.654454124837600348e-01
2.629260838560630309e-01 2.701057418530783405e-01 4.669681742908585731e-01
2.628232439831480471e-01 2.687128793144014649e-01 4.684638767024505435e-01
2.626229118061701451e-01 2.672812143184909450e-01 4.700958738753389099e-01
2.629453689902885305e-01 2.659369567060768658e-01 4.711176743036346037e-01
2.638079578208971654e-01 2.646942199661275197e-01 4.714978222129753704e-01
2.645955993905833581e-01 2.634020261929457263e-01 4.720023744164708601e-01
2.653787441242705381e-01 2.621259562403628340e-01 4.724952996353666279e-01
2.662641723862108067e-01 2.608487434419989315e-01 4.728870841717903173e-01
2.662946396015350992e-01 2.595804624198831956e-01 4.741248979785817053e-01
2.659995078219756781e-01 2.583189216753181139e-01 4.756815705027062080e-01
2.657457107660675666e-01 2.570655017441635382e-01 4.771887874897689508e-01
2.654807250352118064e-01 2.558001043803066477e-01 4.787191705844815459e-01
2.653256792050557866e-01 2.544982173647631907e-01 4.801761034301810782e-01
2.660838228826580831e-01 2.531487788449613419e-01 4.807673982723805750e-01
2.669171088705190042e-01 2.517762662291124220e-01 4.813066249003685737e-01
2.677564843891247492e-01 2.503752375428334176e-01 4.818682780680417777e-01
2.685989379149593681e-01 2.489379516557961303e-01 4.824631104292444461e-01
2.691247415211085459e-01 2.475884542606360261e-01 4.832868042182554280e-01
2.691492804052366683e-01 2.463630896392647873e-01 4.844876299554985999e-01
2.692237955931531812e-01 2.451007252072552323e-01 4.856754791995915310e-01
2.692666192649885715e-01 2.438321238426004456e-01 4.869012568924110385e-01
2.693687360091094329e-01 2.425989314776331174e-01 4.880323325132575052e-01
2.697712010075546951e-01 2.414204561137499594e-01 4.888083428786954010e-01
2.702861231719732582e-01 2.402481326569871900e-01 4.894657441710396073e-01
2.707792055359540262e-01 2.390627769380112566e-01 4.901580175260347727e-01
2.713419246837316390e-01 2.378671222030905863e-01 4.907909531131777747e-01
2.715830889732631648e-01 2.366946976910453415e-01 4.917222133356914382e-01
2.714803889808877768e-01 2.355588863887524420e-01 4.929607246303598367e-01
2.714164592722950742e-01 2.344239979174965738e-01 4.941595428102084075e-01
2.713310136601652101e-01 2.332725166177591625e-01 4.953964697220756830e-01
2.713071686683651285e-01 2.321054054499674946e-01 4.965874258816673215e-01
2.714472562634272501e-01 2.309976376891863525e-01 4.975551060473863973e-01
2.716391715518562400e-01 2.299009775756439833e-01 4.984598508724998323e-01
2.718178080221140269e-01 2.287895239846817752e-01 4.993926679932042534e-01
2.720322666181442806e-01 2.276595476308722610e-01 5.003081857509834585e-01
2.718656787277138331e-01 2.267557901387813324e-01 5.013785311335048345e-01
2.715902635857932457e-01 2.258884797472600070e-01 5.025212566669466918e-01
2.713123163548205041e-01 2.250052412975196425e-01 5.036824423476599089e-01
2.710183106513422979e-01 2.241281925765951089e-01 5.048534967720625932e-01
2.706509734604226614e-01 2.234233468299658965e-01 5.059256797096114422e-01
2.702221595377630181e-01 2.228962091347681529e-01 5.068816313274687735e-01
2.697869278763378453e-01 2.223464090817479644e-01 5.078666630419141903e-01
2.693476434404712960e-01 2.218088946851028975e-01 5.088434618744258620e-01
2.688991937702717161e-01 2.211720848779649140e-01 5.099287213517633699e-01
2.684279844603900123e-01 2.202359035210363913e-01 5.113361120185736519e-01
2.679598173229644775e-01 2.193000972999517018e-01 5.127400853770838207e-01
2.674810930439325829e-01 2.183354964452339786e-01 5.141834105108334940e-01
2.670520267119180780e-01 2.172682052527936669e-01 5.156797680352882551e-01
2.667691776846385365e-01 2.159351553027661907e-01 5.172956670125953282e-01
2.665239898677767005e-01 2.145006024559519275e-01 5.189754076762713719e-01
2.662732476976703566e-01 2.130391768096613347e-01 5.206875754926683086e-01
2.660002661233295540e-01 2.115592921676112681e-01 5.224404417090592334e-01
2.656320360861705310e-01 2.100644360786874110e-01 5.243035278351421136e-01
2.652132733755944161e-01 2.085574078489044192e-01 5.262293187755011648e-01
2.647896821249490218e-01 2.070286087783231865e-01 5.281817090967277917e-01
2.643580753516959758e-01 2.054678768861707416e-01 5.301740477621332825e-01
2.639427423875405632e-01 2.040058190439776320e-01 5.320514385684818048e-01
2.635232498396861134e-01 2.025364469863552008e-01 5.339403031739586858e-01
2.630957580394805984e-01 2.010367710211984349e-01 5.358674709393209667e-01
2.626723472154393613e-01 1.995070991392657866e-01 5.378205536452947966e-01
2.623253923836103008e-01 1.978936976533093306e-01 5.397809099630803686e-01
2.619629422092121240e-01 1.962465889054133550e-01 5.417904688853745210e-01
2.615962016139462554e-01 1.945655326773477745e-01 5.438382657087059702e-01
2.612459490712709664e-01 1.928516147602502562e-01 5.459024361684787774e-01
2.609003931960641176e-01 1.911289295570965940e-01 5.479706772468392328e-01
2.605521493417841672e-01 1.893729480176908897e-01 5.500749026405249431e-01
2.601961342187643633e-01 1.875695696396932899e-01 5.522342961415424023e-01
2.598295677071728038e-01 1.857973551693631320e-01 5.543730771234640642e-01
2.594705133947191600e-01 1.841195618860812511e-01 5.564099247191995889e-01
2.590912649839821058e-01 1.824656406280000809e-01 5.584430943880177578e-01
2.586971237904244214e-01 1.807676288218621474e-01 5.605352473877134312e-01
2.582869546486637469e-01 1.791315733778475749e-01 5.625814719734886227e-01
2.578112915408683481e-01 1.777099617880437687e-01 5.644787466710878832e-01
2.572919425958863915e-01 1.763511813523985783e-01 5.663568760517150302e-01
2.567701793498195495e-01 1.749441744013353617e-01 5.682856462488451443e-01
2.562113929155265257e-01 1.735597438651559354e-01 5.702288632193175388e-01
2.555854594515428180e-01 1.722632200814047110e-01 5.721513204670524155e-01
2.549368378818973602e-01 1.709696699336410441e-01 5.740934921844615957e-01
2.542835292354038157e-01 1.696401469512025528e-01 5.760763238133935760e-01
2.535651674451492865e-01 1.683714295922564830e-01 5.780634029625942860e-01
2.527835133500521136e-01 1.671567062720705765e-01 5.800597803778773098e-01
2.519644886064946743e-01 1.659347005944311615e-01 5.821008107990741642e-01
2.511324426798189346e-01 1.646880261799690270e-01 5.841795311402120383e-01
2.501619980113146124e-01 1.635646591114026105e-01 5.862733428772827216e-01
2.491232410606771253e-01 1.624829514395078611e-01 5.883938074998150691e-01
2.480687726109405133e-01 1.613776655046514907e-01 5.905535618844079959e-01
2.469915755730464624e-01 1.602695527242503637e-01 5.927388717027032294e-01
2.458155036305451624e-01 1.592983052192846749e-01 5.948861911501701627e-01
2.446110056710962266e-01 1.583232582203706329e-01 5.970657361085330850e-01
2.433760910618061879e-01 1.573379888162773632e-01 5.992859201219163934e-01
2.421831347382644162e-01 1.563058729931552371e-01 6.015109922685802912e-01
2.410989138457776404e-01 1.551994703362885586e-01 6.037016158179338010e-01
2.399741675664555096e-01 1.540855591334255870e-01 6.059402733001189034e-01
2.388387926374396786e-01 1.529522734265570394e-01 6.082089339360032820e-01
2.377126652541978746e-01 1.517617296476634348e-01 6.105256050981386906e-01
2.365847194154457878e-01 1.505325717189289758e-01 6.128827088656252364e-01
2.354414612612596436e-01 1.492861767825797159e-01 6.152723619561606405e-01
2.342291192171214731e-01 1.480827965774578203e-01 6.176880842054207621e-01
2.328638249827755247e-01 1.470180450617046830e-01 6.201181299555197368e-01
2.314164826740667258e-01 1.460291520228351736e-01 6.225543653030981561e-01
2.299790115434809379e-01 1.449847870592850807e-01 6.250362013972340369e-01
2.283480652346901452e-01 1.440968267518165646e-01 6.275551080134932347e-01
2.265534893819729501e-01 1.433600228617120109e-01 6.300864877563150390e-01
2.247184724306909298e-01 1.426480085377070939e-01 6.326335190316020318e-01
2.228687474275533043e-01 1.418949829907900639e-01 6.352362695816565763e-01
2.209162733268826284e-01 1.414798761857365417e-01 6.376038504873807744e-01
2.189214641141009610e-01 1.410982958856378255e-01 6.399802400002612135e-01
2.168968360836574516e-01 1.407239042082528702e-01 6.423792597080896227e-01
2.148187248090230317e-01 1.404012952468491893e-01 6.447799799441277235e-01
2.126557342839875409e-01 1.401914912860969809e-01 6.471527744299154783e-01
2.104802233953277923e-01 1.399803201095168870e-01 6.495394564951553207e-01
2.082933004138486921e-01 1.398091350387473675e-01 6.518975645474039959e-01
2.061069432631182918e-01 1.397499436019012942e-01 6.541431131349804140e-01
2.039052090404270823e-01 1.397163066805767739e-01 6.563784842789961438e-01
2.016740971775931590e-01 1.397133616884091989e-01 6.586125411339976976e-01
1.993619600189266428e-01 1.397246463697081609e-01 6.609133936113652519e-01
1.969805016580369883e-01 1.397266551274636281e-01 6.632928432144994391e-01
1.945730525485542817e-01 1.397663247586786728e-01 6.656606226927670455e-01
1.921997301635018363e-01 1.398181465475452079e-01 6.679821232889530114e-01
1.899303794385190924e-01 1.398526031621808441e-01 6.702170173993000635e-01
1.876661961292224179e-01 1.399085014324580323e-01 6.724253024383195498e-01
1.853953717340005025e-01 1.400052664835833571e-01 6.745993617824160848e-01
1.830400149940369925e-01 1.401408191421449345e-01 6.768191658638180730e-01
1.806536991938110792e-01 1.403227561906923437e-01 6.790235446154965215e-01
1.782582500204079601e-01 1.405528012715797637e-01 6.811889487080122763e-01
1.758279850513025933e-01 1.409069740037781626e-01 6.832650409449192441e-01
1.733391474940084165e-01 1.414859780781245746e-01 6.851748744278670644e-01
1.708491990594638854e-01 1.421428949325866942e-01 6.870079060079493649e-01
1.683518605221639430e-01 1.428703826222124107e-01 6.887777568556235908e-01
1.659090586968021142e-01 1.437438636816881221e-01 6.903470776215098192e-01
1.634920453163000720e-01 1.447222185153032026e-01 6.917857361683966699e-01
1.610843301892189716e-01 1.457887607424547260e-01 6.931269090683263023e-01
1.587409448570856751e-01 1.469726976280322228e-01 6.942863575148821020e-01
1.565683772446289646e-01 1.483073197614759309e-01 6.951243029938950491e-01
1.544165727619327133e-01 1.497649862765706441e-01 6.958184409614965871e-01
1.523139162556068626e-01 1.513385141769831854e-01 6.963475695674099519e-01
1.503763095086830259e-01 1.530195222923664833e-01 6.966041681989504353e-01
1.485616588269794702e-01 1.548439893657299615e-01 6.965943518072905682e-01
1.467779722708222878e-01 1.568311987347847936e-01 6.963908289943928631e-01
1.451659212957342460e-01 1.589490696312158002e-01 6.958850090730499538e-01
1.437682597666500861e-01 1.612086120547751023e-01 6.950231281785748116e-01
1.424162544907225381e-01 1.636663050267614938e-01 6.939174404825160236e-01
1.412067184110367690e-01 1.662616238710346028e-01 6.925316577179286837e-01
1.401752950895053251e-01 1.689935342756129222e-01 6.908311706348817527e-01
1.392451388567945703e-01 1.719267817502208029e-01 6.888280793929846268e-01
1.384157682603177619e-01 1.750651900225064228e-01 6.865190417171758153e-01
1.377321372795780596e-01 1.784417377112998970e-01 6.838261250091220989e-01
1.371471862857877588e-01 1.820260540611178257e-01 6.808267596530944710e-01
1.366536655033968595e-01 1.858208801835864454e-01 6.775254543130166951e-01
1.363391869431385683e-01 1.898610763068886431e-01 6.737997367499727330e-01
1.361247423684179836e-01 1.941021038588270908e-01 6.697731537727549256e-01
1.360011126752488364e-01 1.985464389369883120e-01 6.654524483877628516e-01
1.361370571423777265e-01 2.032079363038363784e-01 6.606550065537858396e-01
1.363521283020984187e-01 2.080400580538052102e-01 6.556078136440963711e-01
1.366970551882681906e-01 2.130525074038629452e-01 6.502504374078689198e-01
1.373713626217438755e-01 2.182150355318671631e-01 6.444136018463889615e-01
1.380908709298188652e-01 2.235379726143357226e-01 6.383711564558454121e-01
1.390147469002541158e-01 2.289962992159393362e-01 6.319889538838064924e-01
1.402609596640428946e-01 2.345556163123092563e-01 6.251834240236479046e-01
1.415468365058700773e-01 2.402462360101174088e-01 6.182069274840125139e-01
1.431288232835036811e-01 2.460193428277424044e-01 6.108518338887539700e-01
1.449034622137929107e-01 2.518766734307914534e-01 6.032198643554156359e-01
1.468467598623093839e-01 2.577889389676255583e-01 5.953643011700650023e-01
1.490953138303469094e-01 2.637091239080708860e-01 5.871955622615822046e-01
1.514224764234399223e-01 2.696802718531727816e-01 5.788972517233873516e-01
1.541706062447263936e-01 2.755690573800195775e-01 5.702603363752539734e-01
1.570623981316270346e-01 2.814517299271803719e-01 5.614858719411925936e-01
1.603013341996225583e-01 2.872087568246118883e-01 5.524899089757655535e-01
1.637723188425709853e-01 2.928749446669651757e-01 5.433527364904638945e-01
1.674998044259459751e-01 2.984059008643449307e-01 5.340942947097090387e-01
1.714951237488471780e-01 3.037890306994348588e-01 5.247158455517180187e-01
1.757152439678565936e-01 3.090001367875720995e-01 5.152846192445713625e-01
1.802023767855940317e-01 3.140097702092812249e-01 5.057878530051247434e-01
1.848897528884879127e-01 3.188561225279691325e-01 4.962541245835428994e-01
1.897596436804050435e-01 3.235364000337916934e-01 4.867039562858032076e-01
1.948059311414938877e-01 3.280644787224850090e-01 4.771295901360211311e-01
1.999106243417810014e-01 3.325037975607438856e-01 4.675855780974750853e-01
2.051325637276389668e-01 3.368933090425484389e-01 4.579741272298126220e-01
2.103766466470700924e-01 3.412498616058199374e-01 4.483734917471099979e-01
2.156588205106723943e-01 3.455972668459805774e-01 4.387439126433470560e-01
2.209827743209110684e-01 3.499883662133557172e-01 4.290288594657332144e-01
2.263300608221029131e-01 3.543641720471036871e-01 4.193057671307934275e-01
2.317095206238247718e-01 3.587388454551861949e-01 4.095516339209890333e-01
2.371803827898809613e-01 3.630843218243663406e-01 3.997352953857526980e-01
2.427884978160669283e-01 3.673762801947594303e-01 3.898352219891736414e-01
2.485287634824105141e-01 3.716103576329445879e-01 3.798608788846448703e-01
2.544402212548043662e-01 3.757882751257292098e-01 3.697715036194664240e-01
2.605557260581866652e-01 3.799331113211835698e-01 3.595111626206298205e-01
2.668817863480351660e-01 3.840512608834433239e-01 3.490669527685215656e-01
2.734441958748334844e-01 3.881755536434188247e-01 3.383802504817476908e-01
2.802654875418206792e-01 3.923343345508293334e-01 3.274001779073499874e-01
2.873686250340632409e-01 3.965662701300727289e-01 3.160651048358640303e-01
2.947629254186207026e-01 4.008828926629822709e-01 3.043541819183970265e-01
3.024683605865570168e-01 4.053204741432043789e-01 2.922111652702386597e-01
3.104962103389298789e-01 4.098886828713104169e-01 2.796151067897596487e-01
3.188773489247337944e-01 4.146025235022978706e-01 2.665201275729682795e-01
3.276540095160133115e-01 4.194449993330761073e-01 2.529009911509106368e-01
3.368355632434794078e-01 4.243604263050521075e-01 2.388040104514685125e-01
3.465533980179307250e-01 4.292901211881865464e-01 2.241564807938827564e-01
3.568019646482448737e-01 4.341568381030486146e-01 2.090411972487065395e-01
3.676450721161471646e-01 4.388184243873932688e-01 1.935365034964595665e-01
3.792857368244844651e-01 4.430979507987624633e-01 1.776163123767530161e-01
3.916472974548144137e-01 4.468749647998588870e-01 1.614777377453266993e-01
4.048820224687874614e-01 4.499077650739747858e-01 1.452102124572377806e-01
4.190344163552030543e-01 4.521122511209234585e-01 1.288533325238735427e-01
4.340591489572648287e-01 4.531989141388496067e-01 1.127419369038855090e-01
4.499285541550299694e-01 4.530419953890995055e-01 9.702945045587053896e-02
4.665049726095240601e-01 4.515549538147534125e-01 8.194007357572247185e-02
4.834239665747609438e-01 4.487639253994989419e-01 6.781210802574005880e-02
5.000415777268110151e-01 4.450975283727531817e-01 5.486089390043591418e-02
5.154135534364731042e-01 4.413862202686590352e-01 4.320022629486796467e-02
5.273473009175758675e-01 4.394362611652539163e-01 3.321643791717027866e-02
5.330226072493779998e-01 4.421209134054893131e-01 2.485647934513268709e-02
5.283157662560813428e-01 4.537775814692150966e-01 1.790665227470356405e-02
5.072722793534146790e-01 4.805711548349386186e-01 1.215656581164659307e-02
4.625506849662618936e-01 5.301787300870961506e-01 7.270584946642011381e-03
3.931746772158452585e-01 6.036237056746509566e-01 3.201617109503840809e-03
2.685769349484814494e-01 7.305933616662333430e-01 8.297033852852075952e-04
