9.559841415730124803e-02 8.990980831227546322e-01 5.303502719944120682e-03
6.700751198202697934e-02 9.121338849193151299e-01 2.085860309865789422e-02
4.675002966481446587e-02 9.095364498919847884e-01 4.371352044320075958e-02
3.422347258500652023e-02 8.938963057029278847e-01 7.188022171206553956e-02
2.650773200776206096e-02 8.699427415440368350e-01 1.035495264482010347e-01
2.173125981416088037e-02 8.412275919795093593e-01 1.370411482063297326e-01
1.857896292009168782e-02 8.100819318041814210e-01 1.713391052757269606e-01
1.633003624839324264e-02 7.781314070260429983e-01 2.055385567255637036e-01
1.456229537568923260e-02 7.464386488468960357e-01 2.389990557774147595e-01
1.298495694269685696e-02 7.157852251352293527e-01 2.712298179220737904e-01
1.139985508289120819e-02 6.866186629545185660e-01 3.019814819625902258e-01
9.667026702616543510e-03 6.592335643128418576e-01 3.310994089845415989e-01
7.681379178240577144e-03 6.338834107851964994e-01 3.584352100365629235e-01
5.412649313175144083e-03 6.106284515507423016e-01 3.839588991360826098e-01
2.816725335208020153e-03 5.895201246766660352e-01 4.076631499881259169e-01
5.411899651816542978e-05 5.704381949790924278e-01 4.295076860243894346e-01
3.179834174295348426e-03 5.472441786318688051e-01 4.495759871938358465e-01
6.557805403729272120e-03 5.255669008724771496e-01 4.678752937237936060e-01
1.016329297236132079e-02 5.053671080709780661e-01 4.844695989566605854e-01
1.400672759379051335e-02 4.865068599226725077e-01 4.994864124835369790e-01
1.810491127649255239e-02 4.688848417606821251e-01 5.130102469628253781e-01
2.245481782709130014e-02 4.524201228738322644e-01 5.251250592990764909e-01
2.702395219569408980e-02 4.370700435837058251e-01 5.359060042206000851e-01
3.175311228471294767e-02 4.228191314470810536e-01 5.454277562682060543e-01
3.656187254207476922e-02 4.096807548900823770e-01 5.537573725678428538e-01
4.138934495824420079e-02 3.976464338119610753e-01 5.609642212297947239e-01
4.620777748833615473e-02 3.866945740444688306e-01 5.670976484671950146e-01
5.093114166214030014e-02 3.767277784878215741e-01 5.723410798500381258e-01
5.568170708384551082e-02 3.676814495954339179e-01 5.766368433207206268e-01
6.035192778657977319e-02 3.595507774552539892e-01 5.800972947581662931e-01
6.502518602276202708e-02 3.520944787199855597e-01 5.828803352572523577e-01
6.974284303526029349e-02 3.453336660046391060e-01 5.849234909601005450e-01
7.447241957343891938e-02 3.392550338964817058e-01 5.862725465300794303e-01
7.922272585731338079e-02 3.336575651093008910e-01 5.871197090333857282e-01
8.393203641192970021e-02 3.286721947227039253e-01 5.873957688653663745e-01
8.863399254757087231e-02 3.240871629351439465e-01 5.872788445172851812e-01
9.317667761081310784e-02 3.200713719756140829e-01 5.867519504135728647e-01
9.761122427165463966e-02 3.164251076559156939e-01 5.859636680724296109e-01
1.018943424112705998e-01 3.132768273088033517e-01 5.848288302799260485e-01
1.060282448860495608e-01 3.104260368628841693e-01 5.835457182510662699e-01
1.100448939186112196e-01 3.080362979904884835e-01 5.819188080909002414e-01
1.139909222825533641e-01 3.058724964054534423e-01 5.801365813119931936e-01
1.179141608897494309e-01 3.040453348897247388e-01 5.780405042205257748e-01
1.217909117059298718e-01 3.023529264805426831e-01 5.758561618135275006e-01
1.256164480302434105e-01 3.007736838504490029e-01 5.736098681193075866e-01
1.293144272664207284e-01 2.994672831784873646e-01 5.712182895550919071e-01
1.329095726516066334e-01 2.982945468979055770e-01 5.687958804504877897e-01
1.363634723860059350e-01 2.974033821897421603e-01 5.662331454242518491e-01
1.396633529044060129e-01 2.967521193259211598e-01 5.635845277696728273e-01
1.428130722362259686e-01 2.962675713098761321e-01 5.609193564538978993e-01
1.457971643596101541e-01 2.960314509496542179e-01 5.581713846907355725e-01
1.486778977190992834e-01 2.958433445912702631e-01 5.554787576896305090e-01
1.514687988910424776e-01 2.956785174745594214e-01 5.528526836343981010e-01
1.542210115901677114e-01 2.955326006072205303e-01 5.502463878026117028e-01
1.570058014167731719e-01 2.953429025490670323e-01 5.476512960341598513e-01
1.597574047917666995e-01 2.951296562097953657e-01 5.451129389984379348e-01
1.624640473182675238e-01 2.948717903079034475e-01 5.426641623738289733e-01
1.651301545171831586e-01 2.946606547700399981e-01 5.402091907127768433e-01
1.677525503141132912e-01 2.944799410337843870e-01 5.377675086521023218e-01
1.702492868302278861e-01 2.941338361441407923e-01 5.356168770256313216e-01
1.727278077873480311e-01 2.938203030408033101e-01 5.334518891718486033e-01
1.752982635036075543e-01 2.935384295972160995e-01 5.311633068991763462e-01
1.778481979662891455e-01 2.931883068103766643e-01 5.289634952233341902e-01
1.803313761253819147e-01 2.925633234280398121e-01 5.271053004465782177e-01
1.829146095136725547e-01 2.920847120962160037e-01 5.250006783901114416e-01
1.857006289108582009e-01 2.918465603212736514e-01 5.224528107678682032e-01
1.881960619790100098e-01 2.912866660184074696e-01 5.205172720025824651e-01
1.905738076877305787e-01 2.906112875464890166e-01 5.188149047657804047e-01
1.932955811410983493e-01 2.906516536301523290e-01 5.160527652287493217e-01
1.958525624734468451e-01 2.906443617161956761e-01 5.135030758103574788e-01
1.978935602587535980e-01 2.903011268406930911e-01 5.118053129005533108e-01
2.002878172544242941e-01 2.902170597074222869e-01 5.094951230381533636e-01
2.029680500337091020e-01 2.903964284268768514e-01 5.066355215394140465e-01
2.045958179327899140e-01 2.902865793271437456e-01 5.051176027400663404e-01
2.064421592126958749e-01 2.903703626399862792e-01 5.031874781473179015e-01
2.088121429487225234e-01 2.909556424403073605e-01 5.002322146109701162e-01
2.105210866434822359e-01 2.910110616813214035e-01 4.984678516751963606e-01
2.120468349871352520e-01 2.910793424228280690e-01 4.968738225900367067e-01
2.140430277154908856e-01 2.913353143699725090e-01 4.946216579145366055e-01
2.159017382861314893e-01 2.914186633198707632e-01 4.926795983939977197e-01
2.175842939676260468e-01 2.911407694074037433e-01 4.912749366249701821e-01
2.193270516189913810e-01 2.909776450786558666e-01 4.896953033023527246e-01
2.211640009779222149e-01 2.908367871812753691e-01 4.879992118408024160e-01
2.227822380486516041e-01 2.906632392082465488e-01 4.865545227431018471e-01
2.243316326342850997e-01 2.904118528126612420e-01 4.852565145530536861e-01
2.257268727578286283e-01 2.904934593921718600e-01 4.837796678499995395e-01
2.270678389912578199e-01 2.906452813864451867e-01 4.822868796222969934e-01
2.281107770748802555e-01 2.911548391457545737e-01 4.807343837793651709e-01
2.290446458364979454e-01 2.917685899671712546e-01 4.791867641963308277e-01
2.298642288820883506e-01 2.925700349397112321e-01 4.775657361782004173e-01
2.306498590813732541e-01 2.934233633215530546e-01 4.759267775970736913e-01
2.313608196383951654e-01 2.942883962508832107e-01 4.743507841107216239e-01
2.320208248978931354e-01 2.951593107170390473e-01 4.728198643850677896e-01
2.326915105226905200e-01 2.960219072660299489e-01 4.712865822112795589e-01
2.333885337981137509e-01 2.968332328810502352e-01 4.697782333208360139e-01
2.341011785779548160e-01 2.976066589641452875e-01 4.682921624578999520e-01
2.348863079433693990e-01 2.982455426187007319e-01 4.668681494379298691e-01
2.356848187226081859e-01 2.988748683479984791e-01 4.654403129293933072e-01
2.366407199095559577e-01 2.992989136536501338e-01 4.640603664367938808e-01
2.376038537835525044e-01 2.997122491389927479e-01 4.626838970774547755e-01
2.386430264873564688e-01 2.999868270968575334e-01 4.613701464157859977e-01
2.397788213138687674e-01 3.000687582839678402e-01 4.601524204021633646e-01
2.408996098771651884e-01 3.001872019468607711e-01 4.589131881759740406e-01
2.421499830953350862e-01 3.000675558101524310e-01 4.577824610945124828e-01
2.433876645311749132e-01 3.000136675341261716e-01 4.565986679346988875e-01
2.446682166592406005e-01 2.998456798193154249e-01 4.554861035214439191e-01
2.460297118147311835e-01 2.994467581289859126e-01 4.545235300562829317e-01
2.473944158743445199e-01 2.990409058205615311e-01 4.535646783050939490e-01
2.487717280113297680e-01 2.986251579450746041e-01 4.526031140435956002e-01
2.501803093058841410e-01 2.981436559921331053e-01 4.516760347019826982e-01
2.516180092882445152e-01 2.976688453502995824e-01 4.507131453614559580e-01
2.527493287065798455e-01 2.973421321448580512e-01 4.499085391485621033e-01
2.537779208429370437e-01 2.971446231121884773e-01 4.490774560448745345e-01
2.547952885779383170e-01 2.969558331085573322e-01 4.482488783135044064e-01
2.556388927070859518e-01 2.968367521167646350e-01 4.475243551761494132e-01
2.563976915497947484e-01 2.967453898121991118e-01 4.468569186380061953e-01
2.571656644669932934e-01 2.966665657976925718e-01 4.461677697353141347e-01
2.578798626542943007e-01 2.963574066062445445e-01 4.457627307394611549e-01
2.585794441612171424e-01 2.959552736373846082e-01 4.454652822013981939e-01
2.592332882725171261e-01 2.955886991226578386e-01 4.451780126048250907e-01
2.601688570191164063e-01 2.951251039829596579e-01 4.447060389979239914e-01
2.611591564554223699e-01 2.946983888207181934e-01 4.441424547238593812e-01
2.621596414079121473e-01 2.943073733967344063e-01 4.435329851953534464e-01
2.630247781228594040e-01 2.937770318582806350e-01 4.431981900188600165e-01
2.637520938454944175e-01 2.931543134919023519e-01 4.430935926626032861e-01
2.644804199894646990e-01 2.925448498991650714e-01 4.429747301113702851e-01
2.652384451149685241e-01 2.919826505850005027e-01 4.427789043000310287e-01
2.661130979272218200e-01 2.913824871885678514e-01 4.425044148842102731e-01
2.669997758574245705e-01 2.907832633531424182e-01 4.422169607894330667e-01
2.678982132332593524e-01 2.901899321234663320e-01 4.419118546432743710e-01
2.685027164431081914e-01 2.894094054647808889e-01 4.420878780921109752e-01
2.689679802535338005e-01 2.885114549090763703e-01 4.425205648373897738e-01
2.694533077198012494e-01 2.876159777265995254e-01 4.429307145535991697e-01
2.699918595863100568e-01 2.867085526349066882e-01 4.432995877787831995e-01
2.708092042086633899e-01 2.858423741485555114e-01 4.433484216427810987e-01
2.716175636687632178e-01 2.849769312158804135e-01 4.434055051153563687e-01
2.724907173954368989e-01 2.840833452735038733e-01 4.434259373310591723e-01
2.729077009053569869e-01 2.832361209199529828e-01 4.438561781746900303e-01
2.729146747003970419e-01 2.824435378066660896e-01 4.446417874929369241e-01
2.729948969492426158e-01 2.815650916931300429e-01 4.454400113576273967e-01
2.730232069208397006e-01 2.806644219147000907e-01 4.463123711644601532e-01
2.733707057848502875e-01 2.800586715658250903e-01 4.465706226493245667e-01
2.738603269399556561e-01 2.796043713587628154e-01 4.465353017012815284e-01
2.742481894674009268e-01 2.792630009619577747e-01 4.464888095706412430e-01
2.746209013108595887e-01 2.789291388821776296e-01 4.464499598069628372e-01
2.748055171062339097e-01 2.786618363107556950e-01 4.465326465830104508e-01
2.748775445939777295e-01 2.784599514994576808e-01 4.466625039065646452e-01
2.749662285385018889e-01 2.782529561617632652e-01 4.467808152997349014e-01
2.750288332040997652e-01 2.780992595803775114e-01 4.468719072155226679e-01
2.755421049812939449e-01 2.772568115242101117e-01 4.472010834944959989e-01
2.765413897439794599e-01 2.756556785325063874e-01 4.478029317235142082e-01
2.775020970258872399e-01 2.740964999287363035e-01 4.484014030453765121e-01
2.784945586257493444e-01 2.724991034009921487e-01 4.490063379732585624e-01
2.792865715783777736e-01 2.711028809185397348e-01 4.496105475030824361e-01
2.796252974209320619e-01 2.701478536835972832e-01 4.502268488954707104e-01
2.799912918427206465e-01 2.691547611177088628e-01 4.508539470395704907e-01
2.803615052920914175e-01 2.681551905591557095e-01 4.514833041487528176e-01
2.808373901855293342e-01 2.670307640773922353e-01 4.521318457370784860e-01
2.817160415230240966e-01 2.654965172077298208e-01 4.527874412692461381e-01
2.827313752127617041e-01 2.638233550248768600e-01 4.534452697623613804e-01
2.837535772902902154e-01 2.621373109947366942e-01 4.541091117149730350e-01
2.847979763064667491e-01 2.604208983700238011e-01 4.547811253235094497e-01
2.854657399710825438e-01 2.589202620190618198e-01 4.556139980098555808e-01
2.858302653971024343e-01 2.575603418684188073e-01 4.566093927344787584e-01
2.863046868100926901e-01 2.560989484766509339e-01 4.575963647132563761e-01
2.867776335767077689e-01 2.546227036623971429e-01 4.585996627608951437e-01
2.873036862258576685e-01 2.531188454274005961e-01 4.595774683467417354e-01
2.879514021532300072e-01 2.515927273701029643e-01 4.604558704766669730e-01
2.885888280987702892e-01 2.500622032191353039e-01 4.613489686820944624e-01
2.892391772617088908e-01 2.485105906401552378e-01 4.622502320981358159e-01
2.898598527017238746e-01 2.470019537498516771e-01 4.631381935484243928e-01
2.899212564644053081e-01 2.458679180342582260e-01 4.642108255013365214e-01
2.898450813886991884e-01 2.448166114211074440e-01 4.653383071901934231e-01
2.898032173718411153e-01 2.437197642618070814e-01 4.664770183663518588e-01
2.897588460476662742e-01 2.426130975553051350e-01 4.676280563970286464e-01
2.896673093140960109e-01 2.416352574719791146e-01 4.686974332139248745e-01
2.895114374363896292e-01 2.407911642637137195e-01 4.696973982998967068e-01
2.893470914457264564e-01 2.399339341309724150e-01 4.707189744233011841e-01
2.891848128304488341e-01 2.390615031148786152e-01 4.717536840546725507e-01
2.890234865573578782e-01 2.381394495100784825e-01 4.728370639325635838e-01
2.886169829830709799e-01 2.372992348650646566e-01 4.740837821518643080e-01
2.882330708931916119e-01 2.364261075408012891e-01 4.753408215660070990e-01
2.878345073691814249e-01 2.355555757006655426e-01 4.766099169301530880e-01
2.874419882236992629e-01 2.347088330176360094e-01 4.778491787586647277e-01
2.873137308424532632e-01 2.336437801109244594e-01 4.790424890466222774e-01
2.872165534155737276e-01 2.325441581959144521e-01 4.802392883885118757e-01
2.870764140217870741e-01 2.314763627533810153e-01 4.814472232248318551e-01
2.869463115903243544e-01 2.303775227669333514e-01 4.826761656427422942e-01
2.868971413170186557e-01 2.292222618952588498e-01 4.838805967877225500e-01
2.868638979159919833e-01 2.280504468031240295e-01 4.850856552808840427e-01
2.867917968360548242e-01 2.268843866781317109e-01 4.863238164858134094e-01
2.866747821602138036e-01 2.257304218672777640e-01 4.875947959725083769e-01
2.864833877349342584e-01 2.246112513739437766e-01 4.889053608911219095e-01
2.866868775223878618e-01 2.231443955024634551e-01 4.901687269751487386e-01
2.868493219130657801e-01 2.216880863886575570e-01 4.914625916982766629e-01
2.870218961148119918e-01 2.201982915341397229e-01 4.927798123510483408e-01
2.871794480645113445e-01 2.186942441842882889e-01 4.941263077512004220e-01
2.870831599584030558e-01 2.175057735111251001e-01 4.954110665304717886e-01
2.869647965621038299e-01 2.163161830415227804e-01 4.967190203963734452e-01
2.868722662289983072e-01 2.150544816294829298e-01 4.980732521415188185e-01
2.867656359115792752e-01 2.137954152166594568e-01 4.994389488717613235e-01
2.865703101359043381e-01 2.127750171677000868e-01 5.006546726963955196e-01
2.863087213957629662e-01 2.119369537681035087e-01 5.017543248361334696e-01
2.860306304062090188e-01 2.110706403047395430e-01 5.028987292890514382e-01
2.859340131188276013e-01 2.100843200116401244e-01 5.039816668695322743e-01
2.859577705013039983e-01 2.089575125593966520e-01 5.050847169392993496e-01
2.860487697889421699e-01 2.076095964518198667e-01 5.063416337592380190e-01
2.861256956179586974e-01 2.062567560194976668e-01 5.076175483625436913e-01
2.862197390194039515e-01 2.048683426465505164e-01 5.089119183340454766e-01
2.863319231451159630e-01 2.034462949504889373e-01 5.102217819043951552e-01
2.864171864621335994e-01 2.020179924085654388e-01 5.115648211293010172e-01
2.865091080144557267e-01 2.005344023655837304e-01 5.129564896199605428e-01
2.866217065369934813e-01 1.989630532044442957e-01 5.144152402585622230e-01
2.867295981349882728e-01 1.973813485403872470e-01 5.158890533246244248e-01
2.866950968448823689e-01 1.962395017013479626e-01 5.170654014537696685e-01
2.865261416750218837e-01 1.954862716760407126e-01 5.179875866489374037e-01
2.863938891897540029e-01 1.946493066094447943e-01 5.189568042008011473e-01
2.860172439889170914e-01 1.939465573508656338e-01 5.200361986602172193e-01
2.855578060879609970e-01 1.932867141599589056e-01 5.211554797520800975e-01
2.851674700734143642e-01 1.929110092828301148e-01 5.219215206437555210e-01
2.847731269315081359e-01 1.924969564308713910e-01 5.227299166376204731e-01
2.843671449270352425e-01 1.920850760660184342e-01 5.235477790069463788e-01
2.839318053231498218e-01 1.916817625035336370e-01 5.243864321733165967e-01
2.837765974370916044e-01 1.909754567652670598e-01 5.252479457976413357e-01
2.836753386768206542e-01 1.902026295147585255e-01 5.261220318084208758e-01
2.835476783167037995e-01 1.894639265469254541e-01 5.269883951363707464e-01
2.834252076514920393e-01 1.886968244152613661e-01 5.278779679332465946e-01
2.833432575409359777e-01 1.877875221814586659e-01 5.288692202776054119e-01
2.833314512269159424e-01 1.866945786024688525e-01 5.299739701706152051e-01
2.833148880293807070e-01 1.855890118325902449e-01 5.310961001380291036e-01
2.834280061023085606e-01 1.843917632850476940e-01 5.321802306126437454e-01
2.837735526657722551e-01 1.830657607064374304e-01 5.331606866277903700e-01
2.843106526744256790e-01 1.814421781364392583e-01 5.342471691891350627e-01
2.848475706804077245e-01 1.797967108054621121e-01 5.353557185141301078e-01
2.854001747746021667e-01 1.781114102248688713e-01 5.364884150005290175e-01
2.859693008269101333e-01 1.764247490365118409e-01 5.376059501365780813e-01
2.865070185958742965e-01 1.745144489685657163e-01 5.389785324355599316e-01
2.870372782191563665e-01 1.724883959850174175e-01 5.404743257958262159e-01
2.875726812993746329e-01 1.704551154668150215e-01 5.419722032338103457e-01
2.881217511060471526e-01 1.683740598979841518e-01 5.435041889959687511e-01
2.886353900701340014e-01 1.663276197159955228e-01 5.450369902138704203e-01
2.890389261205890681e-01 1.644475531486955244e-01 5.465135207307153520e-01
2.894267175999445385e-01 1.625723383842103686e-01 5.480009440158450928e-01
2.898333521424906745e-01 1.606627432290401725e-01 5.495039046284692086e-01
2.900520901214133640e-01 1.587641656477016827e-01 5.511837442308850088e-01
2.897591840747647529e-01 1.572166842772494411e-01 5.530241316479858060e-01
2.894408635565008381e-01 1.556570582691447768e-01 5.549020781743544406e-01
2.891007900812255782e-01 1.540844856708284416e-01 5.568147242479459802e-01
2.888150968217563230e-01 1.524137720838857346e-01 5.587711310943579424e-01
2.884468980127221638e-01 1.510356061465429889e-01 5.605174958407348473e-01
2.879945149971797624e-01 1.499254563939546037e-01 5.620800286088656339e-01
2.875421090437655369e-01 1.487588358977240954e-01 5.636990550585103676e-01
2.870840223736697006e-01 1.475514057335356455e-01 5.653645718927946540e-01
2.865986547658641026e-01 1.463743736904932202e-01 5.670269715436426772e-01
2.859625425361926321e-01 1.455350604240024381e-01 5.685023970398049853e-01
2.853119618947721481e-01 1.446357556027388913e-01 5.700522825024889606e-01
2.846500567800644421e-01 1.437311649566870297e-01 5.716187782632485836e-01
2.839673270715327713e-01 1.427991379276256634e-01 5.732335350008416208e-01
2.835550831663182780e-01 1.420124418683432754e-01 5.744324749653384465e-01
2.835365738819590753e-01 1.411961984698901773e-01 5.752672276481507474e-01
2.834904828814965305e-01 1.403738171560222625e-01 5.761356999624812625e-01
2.834393224630059049e-01 1.395252366733956695e-01 5.770354408635983701e-01
2.833386209956605950e-01 1.386990234274476652e-01 5.779623555768916843e-01
2.832045610035404115e-01 1.379784509264735393e-01 5.788169880699860492e-01
2.830751308395687005e-01 1.372374881184796891e-01 5.796873810419516104e-01
2.829342923530371312e-01 1.364955262008229475e-01 5.805701814461399213e-01
2.827373721609013346e-01 1.356581495806093995e-01 5.816044782584892658e-01
2.823968275267428329e-01 1.345705039365807654e-01 5.830326685366763462e-01
2.820338620609277314e-01 1.334912527411793448e-01 5.844748851978929238e-01
2.816717678247785406e-01 1.323907858088005929e-01 5.859374463664208665e-01
2.812412410753689640e-01 1.312334195967371775e-01 5.875253393278938585e-01
2.807118791641738942e-01 1.300307674190153140e-01 5.892573534168107363e-01
2.801711272543655484e-01 1.288109966571721055e-01 5.910178760884623461e-01
2.796022701235560959e-01 1.275699305167066200e-01 5.928277993597372841e-01
2.788654869004366654e-01 1.263644092671595276e-01 5.947701038324038070e-01
2.781012796010674526e-01 1.251950621961076537e-01 5.967036582028248937e-01
2.773348449617982214e-01 1.240132411044039262e-01 5.986519139337979079e-01
2.765676675128490025e-01 1.227927339885792613e-01 6.006395984985717362e-01
2.757211026694508793e-01 1.217190043335745209e-01 6.025598929969745443e-01
2.747475660035250122e-01 1.208956544343853245e-01 6.043567795620896632e-01
2.737514400947926863e-01 1.200918322660093907e-01 6.061567276391979231e-01
2.727506336207537463e-01 1.192616338350693805e-01 6.079877325441768177e-01
2.717015040792926661e-01 1.184649106409754182e-01 6.098335852797319712e-01
2.705238761138077930e-01 1.178107234928422731e-01 6.116654003933499339e-01
2.693281933516917803e-01 1.171679804020886451e-01 6.135038262462195746e-01
2.681309441483305522e-01 1.165103420360134034e-01 6.153587138156560998e-01
2.668924848173715447e-01 1.158687987170374800e-01 6.172387164655909197e-01
2.654555156414356576e-01 1.153402210119541804e-01 6.192042633466101620e-01
2.639429694083941791e-01 1.148521848007484358e-01 6.212048457908573296e-01
2.624219492007379140e-01 1.143579224382113013e-01 6.232201283610507847e-01
2.609898209911887812e-01 1.138631896891919570e-01 6.251469893196192062e-01
2.597005597775468577e-01 1.134444976868427268e-01 6.268549425356103599e-01
2.582962312066623412e-01 1.131058169228056354e-01 6.285979518705320235e-01
2.568859429550585105e-01 1.127640984847015915e-01 6.303499585602398980e-01
2.554576911635212388e-01 1.124215750918423629e-01 6.321207337446363983e-01
2.539467945702241214e-01 1.121458126454635273e-01 6.339073927843122958e-01
2.522447206988598367e-01 1.120874075478059950e-01 6.356678717533341683e-01
2.504820557162795724e-01 1.120818540705462718e-01 6.374360902131741557e-01
2.486993048917068294e-01 1.120846961893178229e-01 6.392159989189752922e-01
2.468881635192496926e-01 1.121033916539369013e-01 6.410084448268134061e-01
2.449383582997717301e-01 1.123319051862017304e-01 6.427297365140265395e-01
2.428800285756356203e-01 1.127218672869143568e-01 6.443981041374500229e-01
2.407847207080346386e-01 1.131285699440685022e-01 6.460867093478969148e-01
2.386687071010341055e-01 1.135395385640498578e-01 6.477917543349159812e-01
2.365349787136947213e-01 1.141084488881154435e-01 6.493565723981898907e-01
2.343368613533663991e-01 1.149805434736280718e-01 6.506825951730055291e-01
2.320993259261659447e-01 1.158796226017422271e-01 6.520210514720917727e-01
2.298204089985670384e-01 1.168087404418119979e-01 6.533708505596209637e-01
2.273433800702802099e-01 1.177819363913996664e-01 6.548746835383201237e-01
2.248357912114655743e-01 1.190165821630981835e-01 6.561476266254362422e-01
2.223035016085240234e-01 1.203534410959046230e-01 6.573430572955712980e-01
2.197561845469150899e-01 1.217400535590942301e-01 6.585037618939907356e-01
2.172076281368290895e-01 1.231914377680203287e-01 6.596009340951506372e-01
2.146143649967141021e-01 1.248504100516736326e-01 6.605352249516122098e-01
2.119754561363619838e-01 1.266489181569665501e-01 6.613756257066715216e-01
2.093284053969379777e-01 1.285149915191776682e-01 6.621566030838843542e-01
2.066906440053292715e-01 1.304540061924053251e-01 6.628553498022654589e-01
2.039405164539679349e-01 1.325867140242248388e-01 6.634727695218072263e-01
2.011485909701546393e-01 1.348591841877597730e-01 6.639922248420856432e-01
1.983794585869250171e-01 1.372105374639001063e-01 6.644100039491748211e-01
1.955889855524759469e-01 1.396694726895812977e-01 6.647415417579427555e-01
1.928315442951290537e-01 1.422374210453608567e-01 6.649310346595100896e-01
1.901145536663441660e-01 1.449054627619952296e-01 6.649799835716606600e-01
1.874297844554243531e-01 1.476751045427376896e-01 6.648951110018379573e-01
1.847322895988617319e-01 1.505748433853300039e-01 6.646928670158082086e-01
1.822934410718491938e-01 1.535847767896435512e-01 6.641217821385072551e-01
1.798972218693217773e-01 1.567144376368467817e-01 6.633883404938314410e-01
1.775610726101825576e-01 1.599817055307046765e-01 6.624572218591128214e-01
1.754922177638468805e-01 1.634505612845964517e-01 6.610572209515567232e-01
1.738051806586926040e-01 1.671014292304717763e-01 6.590933901108356752e-01
1.721499648394622661e-01 1.708956569681683302e-01 6.569543781923693482e-01
1.706006281550968562e-01 1.748220160653306543e-01 6.545773557795725450e-01
1.697246578751545054e-01 1.787723635925131394e-01 6.515029785323324107e-01
1.691052204135052861e-01 1.828333754387846399e-01 6.480614041477100740e-01
1.685193644354356368e-01 1.870427330727513215e-01 6.444379024918130971e-01
1.684107425079557352e-01 1.913678159842937543e-01 6.402214415077505105e-01
1.687154120869860385e-01 1.958005821587157635e-01 6.354840057542981979e-01
1.690221144898967354e-01 2.003747229074621661e-01 6.306031626026410430e-01
1.697393747492840776e-01 2.052219746790155952e-01 6.250386505717003827e-01
1.707814019771524139e-01 2.103003252932570399e-01 6.189182727295905462e-01
1.718275037594707566e-01 2.154713579459367478e-01 6.127011382945924955e-01
1.733054004691180205e-01 2.210849648142907409e-01 6.056096347165912386e-01
1.749455873406228767e-01 2.269153266823493720e-01 5.981390859770278068e-01
1.766917974107373723e-01 2.328978111552661989e-01 5.904103914339964287e-01
1.787914205978955451e-01 2.392672220463584187e-01 5.819413573557460362e-01
1.809389529429800136e-01 2.457644453489208347e-01 5.732966017080991517e-01
1.834862542703860622e-01 2.524455141525845381e-01 5.640682315770294553e-01
1.862818702045243580e-01 2.592938121213805847e-01 5.544243176740950574e-01
1.893657501409971022e-01 2.661424060232017164e-01 5.444918438358011814e-01
1.931711194709676005e-01 2.728930563284388544e-01 5.339358242005934896e-01
1.971420127239512099e-01 2.796197243104174834e-01 5.232382629656313622e-01
2.019237847099443206e-01 2.860577521530939249e-01 5.120184631369617545e-01
2.068683596156013493e-01 2.923963265920975774e-01 5.007353137923010733e-01
2.124539516849860976e-01 2.984221116836440757e-01 4.891239366313697712e-01
2.183026871430095439e-01 3.042748176399241444e-01 4.774224952170663672e-01
2.244637350880043791e-01 3.099553295999888380e-01 4.655809353120068383e-01
2.310206699236732053e-01 3.153215387029562056e-01 4.536577913733705891e-01
2.379184927857854459e-01 3.204199825071550878e-01 4.416615247070594941e-01
2.451167703134616016e-01 3.252587897639394043e-01 4.296244399225989663e-01
2.529399835370281791e-01 3.295719409050859028e-01 4.174880755578859737e-01
2.610946086348137074e-01 3.334848381187466293e-01 4.054205532464396078e-01
2.698390203734694071e-01 3.368107402256761418e-01 3.933502394008544512e-01
2.789615732099193224e-01 3.396604161124506804e-01 3.813780106776300527e-01
2.886869863772691946e-01 3.418761156425200731e-01 3.694368979802107322e-01
2.988176091083046271e-01 3.435835348023079661e-01 3.575988560893874624e-01
3.092638919697787703e-01 3.448583037556196551e-01 3.458778042746016301e-01
3.203325287821328082e-01 3.455177351333206248e-01 3.341497360845465114e-01
3.315840610037561476e-01 3.458332839769397982e-01 3.225826550193040543e-01
3.433596566900078972e-01 3.455945279149501559e-01 3.110458153950419469e-01
3.555585047630296369e-01 3.448168720107842589e-01 2.996246232261861042e-01
3.680739402467980703e-01 3.435611870313786120e-01 2.883648727218233176e-01
3.809865259720375263e-01 3.417246583201591914e-01 2.772888157078033378e-01
3.943425156679923882e-01 3.393023571249319525e-01 2.663551272070757148e-01
4.079592468584665177e-01 3.364634711957668056e-01 2.555772819457666767e-01
4.217499352045177563e-01 3.332778161711063003e-01 2.449722486243759989e-01
4.357005343102643424e-01 3.298148597885747213e-01 2.344846059011609363e-01
4.498103893208487136e-01 3.261563893034418182e-01 2.240332213757094959e-01
4.639617102689876926e-01 3.224389174362125576e-01 2.135993722947997497e-01
4.780808299621965296e-01 3.187977316522484506e-01 2.031214383855549921e-01
4.920895160450292627e-01 3.153163190730049470e-01 1.925941648819657903e-01
5.059930292110841332e-01 3.120099881195190772e-01 1.819969826693968173e-01
5.198411193064624847e-01 3.088724229619774775e-01 1.712864577315600378e-01
5.334960831145769689e-01 3.059591130564605077e-01 1.605448038289625512e-01
5.470414786040439514e-01 3.032980316166470347e-01 1.496604897793090139e-01
5.602480356434209607e-01 3.010600642780774105e-01 1.386919000785016287e-01
5.729330667187617632e-01 2.994195535152117671e-01 1.276473797660264697e-01
5.849304390114311580e-01 2.985492619981022777e-01 1.165202989904665642e-01
5.960302815181266478e-01 2.985931286853120703e-01 1.053765897965612403e-01
6.060899236238879162e-01 2.996617010246986901e-01 9.424837535141350475e-02
6.148260920243141525e-01 3.019179501497272211e-01 8.325595782595868188e-02
6.218396385970138551e-01 3.056000731392990444e-01 7.256028826368710050e-02
6.267910209481997175e-01 3.110345634238413925e-01 6.217441562795888998e-02
6.287441563217301965e-01 3.190055124694959332e-01 5.225033120877387721e-02
6.257692588532502986e-01 3.311728379141248846e-01 4.305790323262481678e-02
6.158744331209671241e-01 3.496899184265143123e-01 3.443564845251857048e-02
5.948438477676574188e-01 3.786097957776541900e-01 2.654635645468839469e-02
5.571880675047227172e-01 4.237253637810884932e-01 1.908656871418884515e-02
4.953522017310362235e-01 4.926434637854745224e-01 1.200433448348925576e-02
4.052639549629294957e-01 5.892984695385332650e-01 5.437575498537184672e-03
2.263508408849230213e-01 7.736491591150769231e-01 0.000000000000000000e+00
