1.668159498102015914e-01 8.324647094366315336e-01 7.193407531668194466e-04
1.704712072258000866e-01 8.255229623274124018e-01 4.005830446787539412e-03
1.762862820803173802e-01 8.147140537528453352e-01 8.999664166837284540e-03
1.827270594462822306e-01 8.018763821607841624e-01 1.539655839293357746e-02
1.889296243184056812e-01 7.880024350128355115e-01 2.306794066875878305e-02
1.939978508095638321e-01 7.741584305202856564e-01 3.184371867015051150e-02
1.974656625396004894e-01 7.609444594512708715e-01 4.158987800912861826e-02
1.988485489797491290e-01 7.489591604843559569e-01 5.219229053589492101e-02
1.982617630236229445e-01 7.382267403191522526e-01 6.351149665722483073e-02
1.960156502576392568e-01 7.282232928539117411e-01 7.576105688844902986e-02
1.924451822467740658e-01 7.189013228926330878e-01 8.865349486059287409e-02
1.877650663207706128e-01 7.099879350785522902e-01 1.022469986006771109e-01
1.822110143859870801e-01 7.013181248651948474e-01 1.164708607488180864e-01
1.760493514263881121e-01 6.927261495686147796e-01 1.312244990049970805e-01
1.694098228826605157e-01 6.840001757469080790e-01 1.465900013704314331e-01
1.625782769046054121e-01 6.750401357585396056e-01 1.623815873368550655e-01
1.557175476722718610e-01 6.656300888945003713e-01 1.786523634332278510e-01
1.488362808568796658e-01 6.558470492170318522e-01 1.953166699260885653e-01
1.420365393247101093e-01 6.457146777950630856e-01 2.122487828802268328e-01
1.353512854557113454e-01 6.352411247517428805e-01 2.294075897925457463e-01
1.287925281051497950e-01 6.244800998988864205e-01 2.467273719959637290e-01
1.223962462780770200e-01 6.134242395291014116e-01 2.641795141928215407e-01
1.161789776818200615e-01 6.020891179142471294e-01 2.817319044039328091e-01
1.101526090632779786e-01 5.904972288807849301e-01 2.993501620559370635e-01
1.041611706816828742e-01 5.787388142733453922e-01 3.171000150449717059e-01
9.826284917255850848e-02 5.668075829641039398e-01 3.349295678633374962e-01
9.261490063210109369e-02 5.546538399980520673e-01 3.527312593698468390e-01
8.720172517791294209e-02 5.423118395611620235e-01 3.704864352609250067e-01
8.200498438235218068e-02 5.298566339819729132e-01 3.881383816356748784e-01
7.706805926017759600e-02 5.172955217705034192e-01 4.056364189693189570e-01
7.239329405486930047e-02 5.046181714025357312e-01 4.229885345425949406e-01
6.810646275674561712e-02 4.917921898007356907e-01 4.401013474425186645e-01
6.419665957267783885e-02 4.789201978326730336e-01 4.568831425946491276e-01
6.063078400449431471e-02 4.659812818322359718e-01 4.733879341632696858e-01
5.773637167007281135e-02 4.527614396576186140e-01 4.895021886723086024e-01
5.524812626906472346e-02 4.396229975587777616e-01 5.051288761721575149e-01
5.336090890673556020e-02 4.265125534079887704e-01 5.201265376852756139e-01
5.208726975401212211e-02 4.133775882355433806e-01 5.345351420104444973e-01
5.132410250779878558e-02 4.004101400370494446e-01 5.482657574551518254e-01
5.117672130352823867e-02 3.876333797143437510e-01 5.611898989821280104e-01
5.156684225151197953e-02 3.750620412041779650e-01 5.733711165443100555e-01
5.254458239942350062e-02 3.628171876191150780e-01 5.846382299814614214e-01
5.411143494350556526e-02 3.509343667406313871e-01 5.949541983158630476e-01
5.613903968516159582e-02 3.395526691056329760e-01 6.043082912092053727e-01
5.873088114189417563e-02 3.286111702938172563e-01 6.126579485642885681e-01
6.174930448177862186e-02 3.181366128132838700e-01 6.201140827049375082e-01
6.555019236542480865e-02 3.080633179336488281e-01 6.263864897009263633e-01
6.966342550323029181e-02 2.986511693012241508e-01 6.316854051955455018e-01
7.471309450048596590e-02 2.894735982636682525e-01 6.358133072358457261e-01
7.998072138353684579e-02 2.808495529110714983e-01 6.391697257053916559e-01
8.605662327995333705e-02 2.725397989207796190e-01 6.414035777992670440e-01
9.229670716121113339e-02 2.647716456508970584e-01 6.429316471878917527e-01
9.935036936498714555e-02 2.573673648958738625e-01 6.432822657391389365e-01
1.062319449283397055e-01 2.505072913067443174e-01 6.432607637649160326e-01
1.139446564415382834e-01 2.440565600591250162e-01 6.419987834993367004e-01
1.216524206193421720e-01 2.381997265191309054e-01 6.401478528615268671e-01
1.297494307143419734e-01 2.329241016456853330e-01 6.373264676399726936e-01
1.385183414663003210e-01 2.280605324996229921e-01 6.334211260340766314e-01
1.469724544758179707e-01 2.237781324458925081e-01 6.292494130782895212e-01
1.560347987599567388e-01 2.199988493370557130e-01 6.239663519029875483e-01
1.650397574294847902e-01 2.168704417051923183e-01 6.180898008653229470e-01
1.742635446303572033e-01 2.141399601108734396e-01 6.115964952587693571e-01
1.835842762019772589e-01 2.118389491055130414e-01 6.045767746925096997e-01
1.925961410755280268e-01 2.099947245239347504e-01 5.974091344005372228e-01
2.018902833521935003e-01 2.087444117981579472e-01 5.893653048496485525e-01
2.107115009361557045e-01 2.078146238752043296e-01 5.814738751886400214e-01
2.197599822022792693e-01 2.073216057578965987e-01 5.729184120398241875e-01
2.282768198585070074e-01 2.070278672772962736e-01 5.646953128641967190e-01
2.371709583658375142e-01 2.069801047367867408e-01 5.558489368973756894e-01
2.459308301205507252e-01 2.070140374642381875e-01 5.470551324152110872e-01
2.546805118464735007e-01 2.075509413937948189e-01 5.377685467597316249e-01
2.629259743504698266e-01 2.083041422048951263e-01 5.287698834446350471e-01
2.714506389672089459e-01 2.089396782879788805e-01 5.196096827448121180e-01
2.793373703797278895e-01 2.096218004246275246e-01 5.110408291956446414e-01
2.871001110375011600e-01 2.108781679965345823e-01 5.020217209659642021e-01
2.944425831059087617e-01 2.129233128647078921e-01 4.926341040293834017e-01
3.015977004049971155e-01 2.145244939193345912e-01 4.838778056756682378e-01
3.088324398266798498e-01 2.154844345516263582e-01 4.756831256216937920e-01
3.157102573261240663e-01 2.166335546651527721e-01 4.676561880087232170e-01
3.214390235630267822e-01 2.196384264856917623e-01 4.589225499512815110e-01
3.267296317239605230e-01 2.233916715362953553e-01 4.498786967397441772e-01
3.322421987191598314e-01 2.252184523140986494e-01 4.425393489667415747e-01
3.377681116432356134e-01 2.261319655744573609e-01 4.360999227823070257e-01
3.427635488724800616e-01 2.276766404016608014e-01 4.295598107258591924e-01
3.465863103357985642e-01 2.324709959344207766e-01 4.209426937297806037e-01
3.502661811167648853e-01 2.369114602493735955e-01 4.128223586338614637e-01
3.526415323087797038e-01 2.402463750976018275e-01 4.071120925936185242e-01
3.545125932918762324e-01 2.433044014391365639e-01 4.021830052689872592e-01
3.561720810601961551e-01 2.471421776668912829e-01 3.966857412729125620e-01
3.571561330101461484e-01 2.522150572863534057e-01 3.906288097035004458e-01
3.579934368067734241e-01 2.570515311607373121e-01 3.849550320324892083e-01
3.577106242248386803e-01 2.617912206007833031e-01 3.804981551743780166e-01
3.566623713187878630e-01 2.667643639302103020e-01 3.765732647510017794e-01
3.546611234415284475e-01 2.722655499876638352e-01 3.730733265708077173e-01
3.525791628240104725e-01 2.780565478492860176e-01 3.693642893267035654e-01
3.499393703743439721e-01 2.839404325010538299e-01 3.661201971246022535e-01
3.463575990322889098e-01 2.897731878903286873e-01 3.638692130773824029e-01
3.424958884740382237e-01 2.956441478579422411e-01 3.618599636680195908e-01
3.384108338489725254e-01 3.015920629582525825e-01 3.599971031927749476e-01
3.333843904567835859e-01 3.076261606803841753e-01 3.589894488628322944e-01
3.278303996832334644e-01 3.138283737633760229e-01 3.583412265533905128e-01
3.221683186767926310e-01 3.199454567922087600e-01 3.578862245309986645e-01
3.153568036721997592e-01 3.261807897468556039e-01 3.584624065809445814e-01
3.077373174159282465e-01 3.328069144748614372e-01 3.594557681092103718e-01
2.993206364126680397e-01 3.393978740552689999e-01 3.612814895320629605e-01
2.906452826836818937e-01 3.460961631282597484e-01 3.632585541880584135e-01
2.814884859924621230e-01 3.528834115132426508e-01 3.656281024942951707e-01
2.718577626523603907e-01 3.593972295405165607e-01 3.687450078071231041e-01
2.618615093397719251e-01 3.657809268294097693e-01 3.723575638308183056e-01
2.513781161537287367e-01 3.722649941807549823e-01 3.763568896655163365e-01
2.408057415989711680e-01 3.787018720635526581e-01 3.804923863374761739e-01
2.298143669179664172e-01 3.847316248707728370e-01 3.854540082112607458e-01
2.184470231857361666e-01 3.909236891723818497e-01 3.906292876418819837e-01
2.068674153177500474e-01 3.967660698309447564e-01 3.963665148513052516e-01
1.952347968739851503e-01 4.018230979932684299e-01 4.029421051327464198e-01
1.831649735726625094e-01 4.071664613811906142e-01 4.096685650461468486e-01
1.713618736002957554e-01 4.117965265478948922e-01 4.168415998518093524e-01
1.600561357416097064e-01 4.157274296606778829e-01 4.242164345977124107e-01
1.483187504685164748e-01 4.198189261683346052e-01 4.318623233631489478e-01
1.368577142761386867e-01 4.232902251585339837e-01 4.398520605653273297e-01
1.259244048133996430e-01 4.260125326290868930e-01 4.480630625575134363e-01
1.162087507434217126e-01 4.271626581781418075e-01 4.566285910784365076e-01
1.062323142564725598e-01 4.282769354664528461e-01 4.654907502770745387e-01
9.631203054003967257e-02 4.291862627807209174e-01 4.745017066792394100e-01
8.840850635894506593e-02 4.280216983863325275e-01 4.835697952547223788e-01
8.054749301123589889e-02 4.265245089742911722e-01 4.929279980144729012e-01
7.322697557882124064e-02 4.243760665361309137e-01 5.023969578850479012e-01
6.787621969486290485e-02 4.206595081533953673e-01 5.114642721517417279e-01
6.208313158830292000e-02 4.171124723769080722e-01 5.208043960347890078e-01
5.681320422242402968e-02 4.130194917123088949e-01 5.301673040652671309e-01
5.262534279648645175e-02 4.081970813158517508e-01 5.391775758876617974e-01
4.923457628258542940e-02 4.029082107776993382e-01 5.478572129397152324e-01
4.712147201848931877e-02 3.967481822002634217e-01 5.561303457812473150e-01
4.459583371911401972e-02 3.907551051512079265e-01 5.646490611296780537e-01
4.306330424414495095e-02 3.841753565028970252e-01 5.727613392529580238e-01
4.294235058884748879e-02 3.767452285306329696e-01 5.803124208805195972e-01
4.339619234827102323e-02 3.689342655205756216e-01 5.876695421311532996e-01
4.440837838607247789e-02 3.608913387029990538e-01 5.947002829109284683e-01
4.647108035680841409e-02 3.526872496146713498e-01 6.008416700285202916e-01
4.838083212824600965e-02 3.444976165641389088e-01 6.071215513076150261e-01
5.080510384373126964e-02 3.361677204781005068e-01 6.130271756781682235e-01
5.360156385820841196e-02 3.277320993360270940e-01 6.186663368057644385e-01
5.704486904702371630e-02 3.191630291917486595e-01 6.237921017612275687e-01
6.078211065480992881e-02 3.106578805912636465e-01 6.285600087539263692e-01
6.472383209268545157e-02 3.020908600753773321e-01 6.331853078319372718e-01
6.860261776893344932e-02 2.937213300654482051e-01 6.376760521656182901e-01
7.266351896026101986e-02 2.862133208027306530e-01 6.411231602370083271e-01
7.686689983981853658e-02 2.787334823120110050e-01 6.443996178481704584e-01
8.119277578760575320e-02 2.712869688264826218e-01 6.475202553859116250e-01
8.565814124187126621e-02 2.641218103409077589e-01 6.502200484172210304e-01
9.024411998628550924e-02 2.570795735732047671e-01 6.526763064405097792e-01
9.491591677475053057e-02 2.498868906525376632e-01 6.551971925727118062e-01
9.968712710707156033e-02 2.428490768882631823e-01 6.574637960046652019e-01
1.042529543212893928e-01 2.363451251278148035e-01 6.594019205508957482e-01
1.084560793091559616e-01 2.306645102969469008e-01 6.608794103938971931e-01
1.126035597779437847e-01 2.252278272869709941e-01 6.621686129350852212e-01
1.167832792313661106e-01 2.197940684883294971e-01 6.634226522803043924e-01
1.210637613927204592e-01 2.142249889937858365e-01 6.647112496134937043e-01
1.252267402335195401e-01 2.090531369546210216e-01 6.657201228118594383e-01
1.293552439593941839e-01 2.040789918828547211e-01 6.665657641577511505e-01
1.335292018377791656e-01 1.990863820559007902e-01 6.673844161063200442e-01
1.373799723094797365e-01 1.946528533983415965e-01 6.679671742921786670e-01
1.405407968242023409e-01 1.912241882429166484e-01 6.682350149328809552e-01
1.438165599029913033e-01 1.876337783351682553e-01 6.685496617618403858e-01
1.470266464498610759e-01 1.841773810059201821e-01 6.687959725442187420e-01
1.502599072626212839e-01 1.807344725828793353e-01 6.690056201544993808e-01
1.537987808896220110e-01 1.771000138585747674e-01 6.691012052518031661e-01
1.572251494447989839e-01 1.737164702095714830e-01 6.690583803456294776e-01
1.606112338699940967e-01 1.704390089293357224e-01 6.689497572006701809e-01
1.640902278405517722e-01 1.670197850357488800e-01 6.688899871236994032e-01
1.663495570928155698e-01 1.650790549141734065e-01 6.685713879930109682e-01
1.683677025033037955e-01 1.634526664465728585e-01 6.681796310501233460e-01
1.703998988717790875e-01 1.618243151732700058e-01 6.677757859549509067e-01
1.722600061464388821e-01 1.604045729404289800e-01 6.673354209131321380e-01
1.744046006097594304e-01 1.591985068119106117e-01 6.663968925783300135e-01
1.767018618000576469e-01 1.579874552422791956e-01 6.653106829576631576e-01
1.789691269214571667e-01 1.568245731262246645e-01 6.642062999523181688e-01
1.812604131931417339e-01 1.557464354470714518e-01 6.629931513597867587e-01
1.829447225410294475e-01 1.549216291471255946e-01 6.621336483118449578e-01
1.839460807554010313e-01 1.544601379360204252e-01 6.615937813085784880e-01
1.849164315657671476e-01 1.540825516396711059e-01 6.610010167945618020e-01
1.858816481149305755e-01 1.537063785111572045e-01 6.604119733739122200e-01
1.869348310120901857e-01 1.533639095047043543e-01 6.597012594832054599e-01
1.882314640261937289e-01 1.530570918217335485e-01 6.587114441520727226e-01
1.895669646142698062e-01 1.527352904002025058e-01 6.576977449855276880e-01
1.909088947740039122e-01 1.524137862064569582e-01 6.566773190195390741e-01
1.922006562506553551e-01 1.521564788114480038e-01 6.556428649378965856e-01
1.933632646670568334e-01 1.521061387058999514e-01 6.545305966270432707e-01
1.944164547971791168e-01 1.522380774867579944e-01 6.533454677160629442e-01
1.955160792426641758e-01 1.523229825516250191e-01 6.521609382057108606e-01
1.965546685560819462e-01 1.524865670089412539e-01 6.509587644349767999e-01
1.975815906091354934e-01 1.526749683366371846e-01 6.497434410542273220e-01
1.984508261495881443e-01 1.530599429487473628e-01 6.484892309016644374e-01
1.991869141244558827e-01 1.535941037286120414e-01 6.472189821469320758e-01
1.998623998694654680e-01 1.541872171169491601e-01 6.459503830135854274e-01
2.005423237977499440e-01 1.547887802606409124e-01 6.446688959416091436e-01
2.012494308667078791e-01 1.553580855591083498e-01 6.433924835741837711e-01
2.016792335269300129e-01 1.560299793484982711e-01 6.422907871245716604e-01
2.020497674100985019e-01 1.567135146396816392e-01 6.412367179502198589e-01
2.024233103562662617e-01 1.574162879300702311e-01 6.401604017136635072e-01
2.027890319846283873e-01 1.581440646216136781e-01 6.390669033937579346e-01
2.031703115065118248e-01 1.587814856852782786e-01 6.380482028082098411e-01
2.035551562607746390e-01 1.593497834041306405e-01 6.370950603350947761e-01
2.039389986560544155e-01 1.599446659625003431e-01 6.361163353814452970e-01
2.043307580426909631e-01 1.605375113531701814e-01 6.351317306041388555e-01
2.047502088963533695e-01 1.610796618213590214e-01 6.341701292822875535e-01
2.051575555011014296e-01 1.615134474460304670e-01 6.333289970528680479e-01
2.055633617763326093e-01 1.619267744523855690e-01 6.325098637712818217e-01
2.059755279194878108e-01 1.623475940179855970e-01 6.316768780625265922e-01
2.063990899076891816e-01 1.627719157559838203e-01 6.308289943363269980e-01
2.068310726490725782e-01 1.631961467395177667e-01 6.299727806114095996e-01
2.072735755085720055e-01 1.636169962256901478e-01 6.291094282657377912e-01
2.077309592031683083e-01 1.640550910531551887e-01 6.282139497436765030e-01
2.081949045835464474e-01 1.645019638265603490e-01 6.273031315898932592e-01
2.086599947618896223e-01 1.649493525291900742e-01 6.263906527089203591e-01
2.090742176354828397e-01 1.654020391039682236e-01 6.255237432605489367e-01
2.094886701842589294e-01 1.658508050788172206e-01 6.246605247369237945e-01
2.099064646072789642e-01 1.663071475593271842e-01 6.237863878333939072e-01
2.103357591698477580e-01 1.667724349930799210e-01 6.228918058370723765e-01
2.107027282052496009e-01 1.672207347353984463e-01 6.220765370593519528e-01
2.110149475702358113e-01 1.676329460986949460e-01 6.213521063310692982e-01
2.113268374037200470e-01 1.680465207087327162e-01 6.206266418875472368e-01
2.116467966800527623e-01 1.684712483667676342e-01 6.198819549531796591e-01
2.118956390099257514e-01 1.688377047304723266e-01 6.192666562596019775e-01
2.120907710952589231e-01 1.691740374332202368e-01 6.187351914715207846e-01
2.122969367445867173e-01 1.695363464514755281e-01 6.181667168039377547e-01
2.124987256536240432e-01 1.698864586037674984e-01 6.176148157426084584e-01
2.126680860972370857e-01 1.701713369860683445e-01 6.171605769166945699e-01
2.127896926455408178e-01 1.703727195141109263e-01 6.168375878403482560e-01
2.129094898796730639e-01 1.705801412344469803e-01 6.165103688858799558e-01
2.130297013793791550e-01 1.707811360187778682e-01 6.161891626018429768e-01
2.131421434211213661e-01 1.709502583722704028e-01 6.159075982066082311e-01
2.132243374552256210e-01 1.710255721191351608e-01 6.157500904256392182e-01
2.133002924123080235e-01 1.710509700949560674e-01 6.156487374927358536e-01
2.133837044031944297e-01 1.710490811113031251e-01 6.155672144855024452e-01
2.134636811213343477e-01 1.710705557328262572e-01 6.154657631458394507e-01
2.135284889839190181e-01 1.709773384619162062e-01 6.154941725541648312e-01
2.136043382073202768e-01 1.707572361723099785e-01 6.156384256203697447e-01
2.136926360392686908e-01 1.705042215216366897e-01 6.158031424390946196e-01
2.137740544619226024e-01 1.702816726036660011e-01 6.159442729344114520e-01
2.138728780732725432e-01 1.699392645052115736e-01 6.161878574215159388e-01
2.140192999027342169e-01 1.694457687699246762e-01 6.165349313273410514e-01
2.141679883428993514e-01 1.689561365835454687e-01 6.168758750735551244e-01
2.143158449795846132e-01 1.684661699407310476e-01 6.172179850796842837e-01
2.145797681292314074e-01 1.678395030851618230e-01 6.175807287856067695e-01
2.148839293969395658e-01 1.671536323964479820e-01 6.179624382066124522e-01
2.151917795232941577e-01 1.664598470500563421e-01 6.183483734266495002e-01
2.155160447167400739e-01 1.657495735038494455e-01 6.187343817794105361e-01
2.158805610713210310e-01 1.648899086807003034e-01 6.192295302479786656e-01
2.162741586530235738e-01 1.640283077969068026e-01 6.196975335500696236e-01
2.166715845855232137e-01 1.631484029698875293e-01 6.201800124445892015e-01
2.170581822313968900e-01 1.622233068311600412e-01 6.207185109374430132e-01
2.173331376276605442e-01 1.612102025126314064e-01 6.214566598597081049e-01
2.175899046691832095e-01 1.601892906678987760e-01 6.222208046629179590e-01
2.178563547076937112e-01 1.591559077531636834e-01 6.229877375391426053e-01
2.180854016437884790e-01 1.580406496542907657e-01 6.238739487019208108e-01
2.182377381415972484e-01 1.568042302752421513e-01 6.249580315831605448e-01
2.183613184888128500e-01 1.555028864036800407e-01 6.261357951075071648e-01
2.184853430356027970e-01 1.541702923642487288e-01 6.273443646001485297e-01
2.185951568159411051e-01 1.528031457639479340e-01 6.286016974201109608e-01
2.185692396172690399e-01 1.513168039926185982e-01 6.301139563901123619e-01
2.185007828580952105e-01 1.497859877940213025e-01 6.317132293478834315e-01
2.184382176306802203e-01 1.482277974758410277e-01 6.333339848934788074e-01
2.183302083139647132e-01 1.466892198025961935e-01 6.349805718834390378e-01
2.180338637228680931e-01 1.452230123033759757e-01 6.367431239737558757e-01
2.176780689823558101e-01 1.437510302405340390e-01 6.385709007771102064e-01
2.173558306722058187e-01 1.422329122433103610e-01 6.404112570844838759e-01
2.168980271242210156e-01 1.407815436151599320e-01 6.423204292606190524e-01
2.162918601753570647e-01 1.393918132472967697e-01 6.443163265773461656e-01
2.156717366502292621e-01 1.379774197710605943e-01 6.463508435787100881e-01
2.150399632996813915e-01 1.365376937107214417e-01 6.484223429895971114e-01
2.143343325581740233e-01 1.351509690493922777e-01 6.505146983924336990e-01
2.135750525089100127e-01 1.337806207899290278e-01 6.526443267011609040e-01
2.128024801469921568e-01 1.323767908940634008e-01 6.548207289589443869e-01
2.119690830826618799e-01 1.310104256966968528e-01 6.570204912206413228e-01
2.109430048870685748e-01 1.298637670279647605e-01 6.591932280849667203e-01
2.099143040020039486e-01 1.286702763427356455e-01 6.614154196552604059e-01
2.088590115986193596e-01 1.274666447945818071e-01 6.636743436067987778e-01
2.077046539561988037e-01 1.264244934841707302e-01 6.658708525596305217e-01
2.065160743590183090e-01 1.254502998124503721e-01 6.680336258285313189e-01
2.053136303893731140e-01 1.244468668111823328e-01 6.702395027994445531e-01
2.040559744228738759e-01 1.234681813010161111e-01 6.724758442761099575e-01
2.025459426115142625e-01 1.226319540794508223e-01 6.748221033090349152e-01
2.010009089452504671e-01 1.217874648597503384e-01 6.772116261949991944e-01
1.994174142322606702e-01 1.209336158510585513e-01 6.796489699166807785e-01
1.977719307278361649e-01 1.201588444137972056e-01 6.820692248583666295e-01
1.960780697640398529e-01 1.194963702001543560e-01 6.844255600358057912e-01
1.943568079216730360e-01 1.188178650646607437e-01 6.868253270136662758e-01
1.925929388130941389e-01 1.181405830613871943e-01 6.892664781255186668e-01
1.906732186598425471e-01 1.174810033645148355e-01 6.918457779756426174e-01
1.886650083685827428e-01 1.168268540710986070e-01 6.945081375603187057e-01
1.866220516217204084e-01 1.161632809883156314e-01 6.972146673899639602e-01
1.845804587431438826e-01 1.155016973805116365e-01 6.999178438763444809e-01
1.825909668313923651e-01 1.148497053454795580e-01 7.025593278231280214e-01
1.805796815092828855e-01 1.141796658946454546e-01 7.052406525960716044e-01
1.785229259131868029e-01 1.135097515746374963e-01 7.079673225121757563e-01
1.764097536886624629e-01 1.127555719101924758e-01 7.108346744011450058e-01
1.742670176071727806e-01 1.119638939966154378e-01 7.137690883962117816e-01
1.720888578772834521e-01 1.111723546524139294e-01 7.167387874703026185e-01
1.698337833244807915e-01 1.104326281107470553e-01 7.197335885647720977e-01
1.674712799652900430e-01 1.097844480059850802e-01 7.227442720287248212e-01
1.650647991622022359e-01 1.091485274267285366e-01 7.257866734110692830e-01
1.626284858718988202e-01 1.085075200634116888e-01 7.288639940646894910e-01
1.599331515751802879e-01 1.080230994707727099e-01 7.320437489540470022e-01
1.571746807963573245e-01 1.075490967466025127e-01 7.352762224570401628e-01
1.543985581945403474e-01 1.070892314200773132e-01 7.385122103853823949e-01
1.514673319277918817e-01 1.066737008730613834e-01 7.418589671991467904e-01
1.484371294766416161e-01 1.062784086009016526e-01 7.452844619224566758e-01
1.453672583705216681e-01 1.059057224235389061e-01 7.487270192059394258e-01
1.422368408796207406e-01 1.055452805543267703e-01 7.522178785660524891e-01
1.390101422501775486e-01 1.051824744621556729e-01 7.558073832876667231e-01
1.357598280162045090e-01 1.048606048972546834e-01 7.593795670865407521e-01
1.324727738161695090e-01 1.045791807576523791e-01 7.629480454261781119e-01
1.291347563934941434e-01 1.043785922842623837e-01 7.664866513222434730e-01
1.257770770738879107e-01 1.042393579070413079e-01 7.699835650190708369e-01
1.223933516417725076e-01 1.041709428619317368e-01 7.734357054962958111e-01
1.190556301553111207e-01 1.041590738229658530e-01 7.767852960217230818e-01
1.157150379477267510e-01 1.042517502926207928e-01 7.800332117596524562e-01
1.123803769043040246e-01 1.044506127240015791e-01 7.831690103716943963e-01
1.091786578877496638e-01 1.047038806439029024e-01 7.861174614683473783e-01
1.061093484181143132e-01 1.050571850394714790e-01 7.888334665424142633e-01
1.030458044873809320e-01 1.055758432469853236e-01 7.913783522656337999e-01
1.001328366030318495e-01 1.062273954725132530e-01 7.936397679244548975e-01
9.743615546474998501e-02 1.070514608646013777e-01 7.955123836706486928e-01
9.477582209348156539e-02 1.080812873803922436e-01 7.971428905261261910e-01
9.226082780972055808e-02 1.093923990803904456e-01 7.983467731098889963e-01
8.992260782931210672e-02 1.110594309437897831e-01 7.990179612268980547e-01
8.768458968295222977e-02 1.129806912663186003e-01 7.993347190507291700e-01
8.558303387006571672e-02 1.152961315642606621e-01 7.991208345656736212e-01
8.369107235695599778e-02 1.181851502460513625e-01 7.981237773969925842e-01
8.191471466269323320e-02 1.213814894655569354e-01 7.967037958717498869e-01
8.032749506604286438e-02 1.250108560899216847e-01 7.946616488440354509e-01
7.902524926038784203e-02 1.291886935754824606e-01 7.917860571641296419e-01
7.784373362296970189e-02 1.336993300013903374e-01 7.884569363756399607e-01
7.692332532863371819e-02 1.386272360799378767e-01 7.844494385914283496e-01
7.631245608116243861e-02 1.439537139713601421e-01 7.797338299474774193e-01
7.582118424696993042e-02 1.496036482928527755e-01 7.745751674601772940e-01
7.564719790887219908e-02 1.555673444868894695e-01 7.687854576042383314e-01
7.572453483235697114e-02 1.618192711748988044e-01 7.624561939927442245e-01
7.595821702898591932e-02 1.683461603039488885e-01 7.556956226670651366e-01
7.653132124808265102e-02 1.750815560105960511e-01 7.483871227413213534e-01
7.728522403118098794e-02 1.820284935648366353e-01 7.406862824039823767e-01
7.821220275442236636e-02 1.892126577945771881e-01 7.325751394510003900e-01
7.940272471494952411e-02 1.965963452098646869e-01 7.240009300751858445e-01
8.067737031852767471e-02 2.041682491350358397e-01 7.151543805464365411e-01
8.213010926148428537e-02 2.119684789284126403e-01 7.059014118101031299e-01
8.366825744762440564e-02 2.199211126969891072e-01 6.964106298553864871e-01
8.536088652140672028e-02 2.281149215042407308e-01 6.865241919743525489e-01
8.714365391721273779e-02 2.364575877069594600e-01 6.763987583758277466e-01
8.908227505744964470e-02 2.449844129975933260e-01 6.659333119449569738e-01
9.118030368899393556e-02 2.536655724136014367e-01 6.551541238974045722e-01
9.339727565792910191e-02 2.624701687111803405e-01 6.441325556308905576e-01
9.581484804502188313e-02 2.714189834947804414e-01 6.327661684601977310e-01
9.832279563166007597e-02 2.804521537843476242e-01 6.212250505839923553e-01
1.009665249269122156e-01 2.895861742019447682e-01 6.094473008711430717e-01
1.037786381653306722e-01 2.988082931319717694e-01 5.974130687026975028e-01
1.066894271064186550e-01 3.080698787575300024e-01 5.852406941360513981e-01
1.097820362815916662e-01 3.173837452429950634e-01 5.728342184754132704e-01
1.130141118796332833e-01 3.267067193480882592e-01 5.602791687722784575e-01
1.164262954977636211e-01 3.360369481786807944e-01 5.475367563235555846e-01
1.200692290603918577e-01 3.454099050897632139e-01 5.345208658498449283e-01
1.238330151494930753e-01 3.547697415040851343e-01 5.213972433464217904e-01
1.278709661844527057e-01 3.641253074553231217e-01 5.080037263602241726e-01
1.320712780445378043e-01 3.734765611800939800e-01 4.944521607753681880e-01
1.365528667507816818e-01 3.828151804071545650e-01 4.806319528420637810e-01
1.413387988437949383e-01 3.921330529625667305e-01 4.665281481936383590e-01
1.463868879881819185e-01 4.014172875190329393e-01 4.521958244927851145e-01
1.518673417488257404e-01 4.106679797745865779e-01 4.374646784765877094e-01
1.577231252565456099e-01 4.199011477885856713e-01 4.223757269548687465e-01
1.639649625311024317e-01 4.291191169695254271e-01 4.069159204993720858e-01
1.706994963288488154e-01 4.382665294692147384e-01 3.910339742019364739e-01
1.780729701263891185e-01 4.472733900948736574e-01 3.746536397787372241e-01
1.860820270420815437e-01 4.560521386831490886e-01 3.578658342747693677e-01
1.948543050162919732e-01 4.645229414191264228e-01 3.406227535645816040e-01
2.044889973099526248e-01 4.725682736358178815e-01 3.229427290542294937e-01
2.151200171993143395e-01 4.800677997116726825e-01 3.048121830890130335e-01
2.268764830664167231e-01 4.868892886804789821e-01 2.862342282531042947e-01
2.399068820208830888e-01 4.928520491352658128e-01 2.672410688438510706e-01
2.543692535986205039e-01 4.977464909249490477e-01 2.478842554764304484e-01
2.703940703628002207e-01 5.013354258559592491e-01 2.282705037812406135e-01
2.881410285072317778e-01 5.033750819883506811e-01 2.084838895044174856e-01
3.076866415194598470e-01 5.036373643063076777e-01 1.886759941742325308e-01
3.290465190983682953e-01 5.019359358664734483e-01 1.690175450351583120e-01
3.522643430904957573e-01 4.980535970223840536e-01 1.496820598871201613e-01
3.774393724864557598e-01 4.916360229658141012e-01 1.309246045477300835e-01
4.042742900448849097e-01 4.827501343163648206e-01 1.129755756387502696e-01
4.326618525757215394e-01 4.713530786791336746e-01 9.598506874514479981e-02
4.624098869959485381e-01 4.572558171342300248e-01 8.033429586982146486e-02
4.929886862299733830e-01 4.408733870789663944e-01 6.613792669106027811e-02
5.237001527315096050e-01 4.227817479195318251e-01 5.351809934895850746e-02
5.535373890726954516e-01 4.037782790652842957e-01 4.268433186202030827e-02
5.813795471753285815e-01 3.851757696837013745e-01 3.344468314097004402e-02
6.051273635717595578e-01 3.688896210493117778e-01 2.598301537892877544e-02
6.230724659797104437e-01 3.570233749270321777e-01 1.990415909325738211e-02
6.321874958817657042e-01 3.526824246154782738e-01 1.513007950275608096e-02
6.297357978001703049e-01 3.590620345681048153e-01 1.120216763172482595e-02
6.108501476884142800e-01 3.812435111914582730e-01 7.906341120127448677e-03
5.714702172015140302e-01 4.235540762408895876e-01 4.975706557596383008e-03
5.095300216871267995e-01 4.882749212951758011e-01 2.195057017697399360e-03
3.822034252350620664e-01 6.174423247730065345e-01 3.542499919313991095e-04
