1.403144731683316770e-01 8.541297542861183700e-01 5.555772545549898279e-03
1.578897131202444404e-01 8.200501522380215791e-01 2.206013464173395278e-02
1.723554233955418014e-01 7.823999280704672099e-01 4.524464853399096098e-02
1.830822629554101355e-01 7.434573400136741395e-01 7.346039703091579443e-02
1.898752095835119502e-01 7.047716881420453827e-01 1.053531022744427226e-01
1.932379398094666856e-01 6.675136462216056943e-01 1.392484139689276479e-01
1.937959386970626030e-01 6.317332336730042686e-01 1.744708276299331007e-01
1.921821592034045068e-01 5.975129603290399993e-01 2.103048804675555217e-01
1.891442116047306055e-01 5.649089982632027329e-01 2.459467901320666894e-01
1.851759702589529100e-01 5.337771586942523516e-01 2.810468710467947662e-01
1.807999132846701551e-01 5.038912612635787491e-01 3.153088254517510958e-01
1.765041412839696011e-01 4.752008099582327727e-01 3.482950487577976539e-01
1.725182110900602139e-01 4.476112760829515924e-01 3.798705128269882492e-01
1.689774021905450785e-01 4.212744069038836248e-01 4.097481909055712412e-01
1.658972358979767248e-01 3.962736353048592619e-01 4.378291287971639578e-01
1.632607969833621275e-01 3.728516565091555268e-01 4.638875465074823734e-01
1.610436977616703236e-01 3.509991139958135165e-01 4.879571882425161045e-01
1.592821816319435757e-01 3.306740690185463460e-01 5.100437493495101338e-01
1.579861250687834007e-01 3.119345420858702367e-01 5.300793328453463626e-01
1.571388953865186511e-01 2.946597469085541210e-01 5.482013577049272834e-01
1.566756746811954759e-01 2.788298427126230106e-01 5.644944826061815135e-01
1.564979372563267690e-01 2.644336112634712022e-01 5.790684514802020288e-01
1.565217427215048751e-01 2.514341075084705057e-01 5.920441497700246192e-01
1.566640464696866242e-01 2.398022514913900061e-01 6.035337020389234253e-01
1.568869859639168696e-01 2.294715976367640575e-01 6.136414163993190174e-01
1.571841353112462536e-01 2.203286467152656414e-01 6.224872179734880495e-01
1.575660001152781597e-01 2.122316580403174058e-01 6.302023418444043790e-01
1.580367707967699209e-01 2.050678640457327395e-01 6.368953651574973396e-01
1.587137500313269278e-01 1.988093075607052507e-01 6.424769424079678215e-01
1.596598287044869724e-01 1.931482813300300361e-01 6.471918899654830470e-01
1.608033215353663059e-01 1.879856905163108660e-01 6.512109879483227726e-01
1.620880233889647193e-01 1.831134262314932926e-01 6.547985503795419326e-01
1.635777148907356926e-01 1.788318998576712282e-01 6.575903852515930792e-01
1.653762782092796368e-01 1.746177169916118821e-01 6.600060047991084256e-01
1.672050226932730865e-01 1.708853386134775443e-01 6.619096386932493692e-01
1.691251496088597706e-01 1.675103958562358386e-01 6.633644545349043353e-01
1.710476047367493480e-01 1.643654961167693163e-01 6.645868991464812803e-01
1.730006441311263132e-01 1.615744591189731683e-01 6.654248967499004630e-01
1.749302671118601604e-01 1.588436872848910664e-01 6.662260456032488287e-01
1.768535052364678117e-01 1.563871828084505422e-01 6.667593119550816461e-01
1.787072370924668863e-01 1.540901155814311529e-01 6.672026473261020163e-01
1.805714773664047201e-01 1.520796965653408162e-01 6.673488260682544082e-01
1.823019062264993329e-01 1.504527596672019518e-01 6.672453341062987153e-01
1.838271476422362882e-01 1.492024210116861260e-01 6.669704313460775857e-01
1.852350611950224213e-01 1.483339358218918047e-01 6.664310029830857740e-01
1.865485769776559777e-01 1.476203919765337602e-01 6.658310310458103176e-01
1.879147444036526338e-01 1.471510069290282718e-01 6.649342486673190944e-01
1.893246602831100134e-01 1.467225203836937109e-01 6.639528193331962758e-01
1.907545228425038264e-01 1.464651065456570311e-01 6.627803706118391425e-01
1.921888318385850947e-01 1.462296961709335097e-01 6.615814719904814512e-01
1.935917733441959165e-01 1.464052443095416045e-01 6.600029823462624234e-01
1.949327111399091206e-01 1.467110218569300795e-01 6.583562670031607444e-01
1.962352718634983173e-01 1.471846376254815070e-01 6.565800905110201757e-01
1.975669815682506991e-01 1.476630019730532650e-01 6.547700164586960359e-01
1.989121508664483118e-01 1.480428748523637816e-01 6.530449742811879066e-01
2.003104862549629495e-01 1.485281851874544756e-01 6.511613285575825749e-01
2.017472797236977144e-01 1.490307682222182795e-01 6.492219520540839506e-01
2.033003022305001073e-01 1.494622091244824924e-01 6.472374886450174003e-01
2.048735168408696294e-01 1.498360919468714192e-01 6.452903912122589514e-01
2.065111036528585187e-01 1.503141284704868630e-01 6.431747678766546183e-01
2.082040422515082367e-01 1.507092744273693663e-01 6.410866833211223970e-01
2.097356825146981518e-01 1.516080741901524309e-01 6.386562432951493617e-01
2.112413089285030687e-01 1.524597972875532115e-01 6.362988937839436643e-01
2.127241557912298298e-01 1.534681467910703478e-01 6.338076974176998224e-01
2.142324443579236015e-01 1.543680265935092333e-01 6.313995290485671097e-01
2.157683239348195392e-01 1.553133178327577024e-01 6.289183582324228139e-01
2.172439236487440639e-01 1.563665647434862027e-01 6.263895116077696779e-01
2.185968021035182285e-01 1.575802393276897195e-01 6.238229585687921075e-01
2.199617247364996642e-01 1.585940941529399018e-01 6.214441811105604341e-01
2.212382117492852074e-01 1.596887546276353209e-01 6.190730336230795272e-01
2.223873366466406210e-01 1.608718803743143244e-01 6.167407829790451101e-01
2.234343131569640484e-01 1.620352293205646887e-01 6.145304575224712629e-01
2.244666410646987131e-01 1.630733700674342757e-01 6.124599888678670112e-01
2.254306684959812013e-01 1.644122997547552423e-01 6.101570317492636120e-01
2.262681114580845643e-01 1.659063012682527871e-01 6.078255872736626486e-01
2.270349769656345718e-01 1.674123696169853570e-01 6.055526534173800712e-01
2.277127358437155968e-01 1.691268680050135309e-01 6.031603961512709278e-01
2.283568854094325529e-01 1.709266709829101449e-01 6.007164436076573022e-01
2.289763403073747927e-01 1.728383956049863723e-01 5.981852640876388350e-01
2.294408040968435869e-01 1.748458956383629470e-01 5.957133002647935216e-01
2.297178280521368632e-01 1.772227405316326720e-01 5.930594314162304093e-01
2.299881249395601124e-01 1.796023173058098887e-01 5.904095577546299989e-01
2.302594925379777835e-01 1.820842584108788298e-01 5.876562490511433312e-01
2.305363653266188084e-01 1.845603544074434499e-01 5.849032802659377417e-01
2.307439631237392930e-01 1.873054286670410296e-01 5.819506082092197330e-01
2.309538764943727118e-01 1.901079209629842337e-01 5.789382025426430545e-01
2.312395617680960691e-01 1.931566050761865938e-01 5.756038331557172816e-01
2.314563411353182665e-01 1.961866705333337180e-01 5.723569883313480711e-01
2.314368552351906971e-01 1.995306358685824399e-01 5.690325088962268074e-01
2.313894365949772380e-01 2.028673066187128837e-01 5.657432567863098782e-01
2.311337604354672393e-01 2.064225477699030975e-01 5.624436917946297187e-01
2.307615918463998272e-01 2.101776353185687007e-01 5.590607728350315275e-01
2.303058119035312767e-01 2.138764120913061451e-01 5.558177760051625782e-01
2.296886334586979994e-01 2.175754585539240171e-01 5.527359079873780390e-01
2.290539719194643054e-01 2.212309054217457271e-01 5.497151226587899675e-01
2.285444522027425540e-01 2.247830761735983840e-01 5.466724716236590620e-01
2.280506098982787444e-01 2.282178974511875902e-01 5.437314926505336654e-01
2.276406932496645719e-01 2.315900498783212136e-01 5.407692568720142701e-01
2.272899310053742572e-01 2.348863331696777745e-01 5.378237358249479128e-01
2.269568418216573735e-01 2.381108313641984164e-01 5.349323268141442655e-01
2.268631219931485088e-01 2.412742229450480780e-01 5.318626550618034132e-01
2.269543330016016158e-01 2.442914657572060610e-01 5.287542012411923231e-01
2.270358461750457413e-01 2.472102379753580159e-01 5.257539158495961873e-01
2.274066388121526172e-01 2.499751825205230871e-01 5.226181786673242957e-01
2.277018986201624351e-01 2.527503360862028980e-01 5.195477652936346669e-01
2.281659096286485777e-01 2.552505769246211642e-01 5.165835134467302581e-01
2.288425754691496006e-01 2.573969637476873906e-01 5.137604607831630643e-01
2.295025119993426843e-01 2.594920005426403220e-01 5.110054874580169937e-01
2.301589080389672692e-01 2.614424695145662891e-01 5.083986224464663861e-01
2.309419262076548574e-01 2.631016506183341264e-01 5.059564231740110163e-01
2.317406696716735048e-01 2.647102029490406849e-01 5.035491273792858102e-01
2.325792652478717026e-01 2.663221805983910784e-01 5.010985541537372745e-01
2.334160970759535658e-01 2.679673318459809828e-01 4.986165710780654514e-01
2.343218969225251969e-01 2.695739264786856104e-01 4.961041765987891372e-01
2.351078027406987292e-01 2.710393513586787373e-01 4.938528459006225613e-01
2.358337277932498754e-01 2.724302204642604641e-01 4.917360517424896327e-01
2.366382225815918394e-01 2.737321660769070908e-01 4.896296113415010698e-01
2.374721534160138814e-01 2.749372996282329895e-01 4.875905469557531569e-01
2.382196983252833078e-01 2.759705875588573942e-01 4.858097141158593257e-01
2.389633798853231517e-01 2.769600789914207217e-01 4.840765411232560989e-01
2.396684292426983220e-01 2.779851155583907829e-01 4.823464551989108395e-01
2.406945693938784547e-01 2.785057359187466108e-01 4.807996946873749344e-01
2.419142387202101174e-01 2.787496041263132218e-01 4.793361571534766608e-01
2.431339227967523053e-01 2.789953170815896444e-01 4.778707601216580225e-01
2.444181804149544446e-01 2.790477439640419721e-01 4.765340756210035833e-01
2.456527868008355486e-01 2.784771947355445532e-01 4.758700184636199260e-01
2.468742503468300820e-01 2.779317979111023407e-01 4.751939517420675774e-01
2.481309978489240065e-01 2.773007816297464734e-01 4.745682205213295202e-01
2.493083926275543594e-01 2.765222258133632760e-01 4.741693815590823369e-01
2.503862343923911604e-01 2.757127057508894641e-01 4.739010598567194310e-01
2.514513519288480436e-01 2.748646569430808206e-01 4.736839911280710802e-01
2.525495130392267917e-01 2.740274059608621693e-01 4.734230809999109835e-01
2.533734241259867348e-01 2.733413074104169560e-01 4.732852684635962537e-01
2.539255671252512725e-01 2.727830432685812712e-01 4.732913896061675119e-01
2.551474084487878047e-01 2.717923549475957934e-01 4.730602366036164019e-01
2.563511003165460655e-01 2.708383991142311320e-01 4.728105005692227469e-01
2.572518893745353030e-01 2.702068905299988000e-01 4.725412200954659525e-01
2.579600031378802005e-01 2.697653579516263722e-01 4.722746389104933717e-01
2.586716962652332308e-01 2.693345330011954752e-01 4.719937707335712940e-01
2.593544091889801173e-01 2.689501155041944536e-01 4.716954753068254291e-01
2.598856758890429886e-01 2.686530737459186247e-01 4.714612503650384423e-01
2.601041489074860658e-01 2.685501992402252736e-01 4.713456518522886052e-01
2.603143163170029695e-01 2.684620091209944936e-01 4.712236745620025369e-01
2.601481503237835224e-01 2.687797025618858804e-01 4.710721471143306527e-01
2.596955290657181337e-01 2.692203020311372264e-01 4.710841689031445845e-01
2.591304690255997745e-01 2.693975930889621617e-01 4.714719378854380638e-01
2.585955121531466339e-01 2.695703161927673897e-01 4.718341716540859210e-01
2.579962037475346248e-01 2.697740669907137123e-01 4.722297292617517184e-01
2.573431367962056848e-01 2.700001889858968385e-01 4.726566742178974767e-01
2.565413314319402449e-01 2.702105028608923210e-01 4.732481657071674896e-01
2.555726426749771463e-01 2.704225131216280165e-01 4.740048442033948928e-01
2.545624358743766025e-01 2.706505163235191080e-01 4.747870478021042340e-01
2.535822872964166863e-01 2.708580391966348699e-01 4.755596735069484993e-01
2.527623254756031779e-01 2.708159589961777192e-01 4.764217155282190475e-01
2.517321486998392865e-01 2.707596967801035870e-01 4.775081545200570710e-01
2.506891951821165199e-01 2.707118927206723091e-01 4.785989120972111710e-01
2.496180994730545499e-01 2.706700425622523554e-01 4.797118579646931225e-01
2.484779122309723198e-01 2.705796231312298517e-01 4.809424646377977730e-01
2.472393028209870502e-01 2.704909254146995456e-01 4.822697717643134041e-01
2.457539707984689736e-01 2.703842819821390409e-01 4.838617472193919578e-01
2.441099302699360485e-01 2.702320889625440259e-01 4.856579807675199811e-01
2.423960800641031255e-01 2.700617363170003671e-01 4.875421836188965630e-01
2.405714731465239120e-01 2.699295275194651955e-01 4.894989993340109202e-01
2.384658093082161479e-01 2.699428428421062343e-01 4.915913478496776179e-01
2.361586040028480493e-01 2.697356237128434309e-01 4.941057722843085198e-01
2.337618378792062357e-01 2.694520559704254303e-01 4.967861061503683340e-01
2.312852887836449323e-01 2.691801563289786259e-01 4.995345548873764696e-01
2.287193319716004369e-01 2.688527411240491105e-01 5.024279269043504526e-01
2.260490877832459500e-01 2.684916194608802931e-01 5.054592927558737570e-01
2.233911777352057815e-01 2.679559890203644379e-01 5.086528332444297806e-01
2.208466688247577303e-01 2.670544435392192550e-01 5.120988876360229591e-01
2.182281512153170233e-01 2.660372455544641745e-01 5.157346032302188021e-01
2.155142028816823818e-01 2.649850874124968225e-01 5.195007097058207401e-01
2.129026051096049588e-01 2.638169657950215630e-01 5.232804290953734228e-01
2.102771910466596506e-01 2.625091997829873680e-01 5.272136091703529814e-01
2.080469856281561558e-01 2.607819978682242024e-01 5.311710165036196418e-01
2.057339810808504477e-01 2.589985885186969483e-01 5.352674304004526595e-01
2.033503675925754650e-01 2.571532169239787446e-01 5.394964154834457348e-01
2.009696955885350023e-01 2.551873342680726076e-01 5.438429701433923347e-01
1.985797669415666489e-01 2.531243257301999394e-01 5.482959073282334117e-01
1.967692780615141745e-01 2.507697543759548342e-01 5.524609675625310468e-01
1.953083717984044343e-01 2.482178745298779798e-01 5.564737536717175859e-01
1.938160968183532118e-01 2.455945029791392065e-01 5.605894002025075817e-01
1.922368075505436757e-01 2.429071323030482787e-01 5.648560601464081010e-01
1.904972640115784599e-01 2.401630613455296714e-01 5.693396746428919242e-01
1.892707899218107892e-01 2.375260760375100810e-01 5.732031340406791298e-01
1.882896664482524018e-01 2.349507203254127541e-01 5.767596132263348441e-01
1.872206297635080618e-01 2.322969967810405434e-01 5.804823734554513948e-01
1.862002733795370957e-01 2.295677737891161918e-01 5.842319528313467680e-01
1.851740280040371500e-01 2.267366109465415169e-01 5.880893610494213330e-01
1.843501673333612922e-01 2.240080469779817118e-01 5.916417856886569959e-01
1.837131625855116801e-01 2.213486267123390139e-01 5.949382107021493615e-01
1.831685726496891653e-01 2.186291345882847015e-01 5.982022927620261887e-01
1.826119925400796484e-01 2.158517466877537538e-01 6.015362607721665977e-01
1.820562836002765361e-01 2.129754929805487418e-01 6.049682234191747776e-01
1.819292263898761308e-01 2.100651174407675015e-01 6.080056561693564232e-01
1.821401602216340954e-01 2.071893289236008684e-01 6.106705108547650918e-01
1.823155302764334906e-01 2.042792388626062383e-01 6.134052308609602155e-01
1.825708135393114828e-01 2.012819043531706154e-01 6.161472821075179018e-01
1.829528542221478538e-01 1.981611968133676349e-01 6.188859489644845668e-01
1.835350567472763261e-01 1.950125689273972673e-01 6.214523743253264065e-01
1.845342975879424863e-01 1.918808695128443320e-01 6.235848328992131817e-01
1.856332954099746413e-01 1.886524908020099645e-01 6.257142137880153943e-01
1.868271293140539857e-01 1.853442782926071342e-01 6.278285923933388801e-01
1.880414975603320049e-01 1.819760896820525886e-01 6.299824127576153510e-01
1.893394858989025376e-01 1.786640419142349057e-01 6.319964721868626123e-01
1.908767639371813929e-01 1.756263753964397711e-01 6.334968606663787805e-01
1.924208177878250492e-01 1.725198501808198337e-01 6.350593320313551171e-01
1.939993626165232299e-01 1.693645003124946147e-01 6.366361370709822110e-01
1.956248448460045641e-01 1.662576602013785543e-01 6.381174949526168261e-01
1.971874755598079787e-01 1.634106214280375280e-01 6.394019030121544933e-01
1.985561596553915842e-01 1.611878194681306553e-01 6.402560208764777050e-01
1.999572327277998607e-01 1.589222105880192526e-01 6.411205566841808867e-01
2.013581110646839867e-01 1.567231703648044316e-01 6.419187185705116372e-01
2.027958398831524178e-01 1.544352037110467979e-01 6.427689564058007843e-01
2.041230361226663015e-01 1.524110346622966627e-01 6.434659292150369803e-01
2.052692243027877672e-01 1.508294090731232551e-01 6.439013666240890332e-01
2.064570663737208545e-01 1.492060331182674116e-01 6.443369005080117340e-01
2.076663282486612139e-01 1.475713782152157094e-01 6.447622935361231322e-01
2.088854491917044864e-01 1.459478940856562268e-01 6.451666567226392868e-01
2.100223804952863205e-01 1.446208376585582656e-01 6.453567818461554140e-01
2.111094538309021829e-01 1.434826658496644036e-01 6.454078803194334135e-01
2.122186613767378383e-01 1.422766462347304639e-01 6.455046923885316978e-01
2.133340907817455889e-01 1.411378344365907811e-01 6.455280747816636300e-01
2.144352048921660536e-01 1.400257589398588021e-01 6.455390361679751443e-01
2.153499089793938781e-01 1.392099294806238285e-01 6.454401615399822933e-01
2.161903754298600822e-01 1.385249270994145521e-01 6.452846974707253658e-01
2.170410883003848768e-01 1.378358250178659539e-01 6.451230866817491139e-01
2.179100348678280619e-01 1.371309991400697648e-01 6.449589659921021179e-01
2.186977696964589324e-01 1.365007553227837178e-01 6.448014749807573498e-01
2.192955298690287269e-01 1.360374705038338572e-01 6.446669996271373604e-01
2.198787291629392127e-01 1.355864427962492069e-01 6.445348280408115249e-01
2.204660755904878644e-01 1.351340837338186329e-01 6.443998406756935582e-01
2.210616071019327333e-01 1.346762294943995020e-01 6.442621634036677092e-01
2.215026991549022273e-01 1.344144118702319535e-01 6.440828889748658748e-01
2.218336080972406754e-01 1.342917223484825229e-01 6.438746695542768572e-01
2.221602616383698270e-01 1.341927407435994368e-01 6.436469976180306807e-01
2.224824779191745816e-01 1.341152155164659909e-01 6.434023065643593720e-01
2.227970415520595382e-01 1.340463203602819675e-01 6.431566380876584388e-01
2.229350396171957405e-01 1.342592198674955606e-01 6.428057405153086989e-01
2.230191587304675704e-01 1.345900642016786275e-01 6.423907770678537466e-01
2.231047558335344516e-01 1.349231586896839641e-01 6.419720854767815288e-01
2.231751971548925906e-01 1.352769927237587044e-01 6.415478101213486495e-01
2.232640910334013906e-01 1.355762763343593136e-01 6.411596326322392958e-01
2.233779812168733003e-01 1.358054414494977991e-01 6.408165773336288451e-01
2.234893938517735767e-01 1.360460677725218170e-01 6.404645383757046062e-01
2.236134445808469207e-01 1.362634053834566039e-01 6.401231500356964199e-01
2.237632929911138602e-01 1.364232692694676841e-01 6.398134377394184558e-01
2.240053066032722806e-01 1.361919036948835426e-01 6.398027897018442323e-01
2.242719136300198590e-01 1.358667800627658684e-01 6.398613063072142726e-01
2.245211405177146569e-01 1.355151705593572453e-01 6.399636889229280978e-01
2.247931890363067398e-01 1.351694436703169133e-01 6.400373672933763469e-01
2.249572428229648646e-01 1.348688659069370299e-01 6.401738912700981610e-01
2.249820725934972288e-01 1.346512049571340075e-01 6.403667224493687637e-01
2.249985235887829726e-01 1.344418975316161724e-01 6.405595788796009105e-01
2.250360021790002163e-01 1.342188617577199095e-01 6.407451360632798743e-01
2.250415129111406065e-01 1.340706112863928601e-01 6.408878758024665334e-01
2.249227165004852869e-01 1.341261277103373839e-01 6.409511557891772737e-01
2.247903515202071545e-01 1.341953416459671367e-01 6.410143068338257644e-01
2.246535318767530209e-01 1.342750579302398606e-01 6.410714101930071740e-01
2.245170961154803191e-01 1.343805467019667521e-01 6.411023571825529288e-01
2.242562847733048370e-01 1.345729500507667487e-01 6.411707651759284143e-01
2.239487075507398117e-01 1.347991510437576146e-01 6.412521414055025737e-01
2.236400748118040904e-01 1.350173119113555753e-01 6.413426132768403898e-01
2.233272852166452993e-01 1.352638180654934796e-01 6.414088967178611655e-01
2.230157802656466126e-01 1.353276559752131236e-01 6.416565637591402638e-01
2.227248919627002888e-01 1.351904630204938673e-01 6.420846450168058439e-01
2.224365808534945477e-01 1.350376128241148610e-01 6.425258063223905358e-01
2.221375921910922480e-01 1.349032741545652669e-01 6.429591336543424296e-01
2.218576242539712085e-01 1.346129020189383851e-01 6.435294737270903509e-01
2.216233643623511385e-01 1.340799611468994623e-01 6.442966744907493437e-01
2.213862295239202305e-01 1.335333977700836616e-01 6.450803727059960524e-01
2.211479057997617348e-01 1.329753041561100302e-01 6.458767900441282350e-01
2.209287411671896351e-01 1.323078321642139343e-01 6.467634266685964306e-01
2.207195897463971046e-01 1.314782674604322299e-01 6.478021427931707210e-01
2.205069531862333121e-01 1.306229979046213963e-01 6.488700489091453472e-01
2.202997950901019464e-01 1.297413392674950927e-01 6.499588656424030164e-01
2.200766497204459382e-01 1.288274708563171833e-01 6.510958794232368785e-01
2.198052344727098317e-01 1.278330307073746175e-01 6.523617348199155508e-01
2.195311888769488906e-01 1.267928146408823231e-01 6.536759964821687863e-01
2.192554371645290545e-01 1.257293153921796858e-01 6.550152474432912042e-01
2.189607775351648522e-01 1.246552483861093075e-01 6.563839740787258403e-01
2.185963217677123760e-01 1.235516814391416363e-01 6.578519967931459878e-01
2.182176812797120835e-01 1.224181216277195894e-01 6.593641970925683271e-01
2.178492134147582693e-01 1.212467983383265224e-01 6.609039882469152083e-01
2.173525397829262906e-01 1.200466183631423434e-01 6.626008418539314215e-01
2.165844053790424995e-01 1.188234483960208809e-01 6.645921462249365641e-01
2.158321853911414623e-01 1.175767015348866407e-01 6.665911130739718971e-01
2.150395996048845015e-01 1.163123232560773213e-01 6.686480771390381772e-01
2.140752989780293492e-01 1.150387034219194637e-01 6.708859976000511871e-01
2.130850115940747802e-01 1.137406834611596196e-01 6.731743049447656002e-01
2.120776681702182254e-01 1.124192936184443825e-01 6.755030382113373921e-01
2.110132421154523041e-01 1.110442574579140196e-01 6.779425004266336208e-01
2.098865428497269647e-01 1.096172286264083251e-01 6.804962285238647102e-01
2.087243938906839791e-01 1.081525291317062543e-01 6.831230769776097667e-01
2.075383073120096733e-01 1.066654256592289851e-01 6.857962670287612861e-01
2.061570016114814829e-01 1.052414084088904023e-01 6.886015899796281703e-01
2.046550534341664007e-01 1.038334575109955971e-01 6.915114890548380577e-01
2.031349549816840461e-01 1.023944075672824638e-01 6.944706374510335456e-01
2.015401076214598519e-01 1.009766350686962522e-01 6.974832573098438404e-01
1.997398542388355569e-01 9.971909643209642127e-02 7.005410493290680218e-01
1.978901790785329573e-01 9.845821405081300881e-02 7.036516068706540894e-01
1.960022396754643181e-01 9.717132513274862049e-02 7.068264351917871169e-01
1.940118234480799342e-01 9.590438406922663361e-02 7.100837924826933767e-01
1.918483098649537699e-01 9.470290798636615826e-02 7.134487821486800163e-01
1.896536261503927179e-01 9.347206571570376710e-02 7.168743081339035150e-01
1.874135533751817850e-01 9.221780088448605639e-02 7.203686457403321031e-01
1.849875693516880304e-01 9.106262695316269529e-02 7.239498036951492743e-01
1.824438516179480718e-01 8.995829174805902717e-02 7.275978566339929010e-01
1.798453611602164326e-01 8.884824472942787210e-02 7.313063941103556953e-01
1.771954901445788044e-01 8.771473737182045038e-02 7.350897724836007452e-01
1.742837302177696057e-01 8.690994100553073309e-02 7.388063287766996057e-01
1.712933844762624114e-01 8.614802044274016968e-02 7.425585950809974189e-01
1.682480504547018696e-01 8.538565626217975435e-02 7.463662932831184316e-01
1.651328633544543734e-01 8.467388479273019186e-02 7.501932518528154903e-01
1.619341383895683273e-01 8.409796424809523607e-02 7.539678973623363811e-01
1.586833577525558203e-01 8.354069816338760557e-02 7.577759440840565741e-01
1.553792356192159607e-01 8.298919586338249221e-02 7.616315685174015471e-01
1.520698338506918379e-01 8.243238125072638312e-02 7.654977848985817790e-01
1.487300652372700038e-01 8.189087979789833049e-02 7.693790549648317212e-01
1.453332315894960147e-01 8.137441893737928922e-02 7.732923494731246405e-01
1.419131636315869027e-01 8.087858424948746183e-02 7.772082521189256354e-01
1.385057195480953740e-01 8.041910083955849942e-02 7.810751796123461821e-01
1.350745301826875022e-01 8.001098750776414192e-02 7.849144823095483003e-01
1.316087799436112538e-01 7.966418029916355614e-02 7.887270397572251346e-01
1.281309753196457346e-01 7.947217541637341398e-02 7.923968492639809069e-01
1.246625010934448996e-01 7.945649116165565129e-02 7.958810077448994491e-01
1.211773960734458533e-01 7.954013472300136556e-02 7.992824692035528367e-01
1.177123235735303974e-01 7.978907188154660268e-02 8.024986045449230554e-01
1.143856356854557332e-01 8.035215838154785573e-02 8.052622059329964666e-01
1.110750803964263844e-01 8.109012522254932520e-02 8.078347943810243459e-01
1.078146360848625807e-01 8.201330272880746897e-02 8.101720611863300059e-01
1.048113527558136582e-01 8.322987255715630361e-02 8.119587746870300382e-01
1.019210299187400803e-01 8.471680615898646849e-02 8.133621639222734512e-01
9.910577721204572033e-02 8.646249257282601075e-02 8.144317302151282689e-01
9.648727533808748591e-02 8.865833842683934485e-02 8.148543862350731137e-01
9.403802629364393928e-02 9.128179017478998958e-02 8.146801835315661267e-01
9.167591132734947967e-02 9.419277510096280004e-02 8.141313135716877758e-01
8.948728362647273560e-02 9.787169738953771514e-02 8.126410189839895493e-01
8.745032306795003096e-02 1.020513621107679292e-01 8.104983148212819843e-01
8.554696983084947304e-02 1.066322427025392372e-01 8.078207874666113453e-01
8.389537816947961746e-02 1.120180273488362577e-01 8.040865944816840694e-01
8.240176368637536219e-02 1.178830810660547179e-01 7.997151552475699754e-01
8.110081621136222552e-02 1.242206162166142880e-01 7.946785675720234865e-01
8.015618382779865492e-02 1.313009016567168175e-01 7.885429145154845276e-01
7.932555292149284787e-02 1.387354627386105932e-01 7.819389843398966145e-01
7.884240466381364776e-02 1.467137484135296877e-01 7.744438469226566646e-01
7.857957876050752910e-02 1.551242898595666109e-01 7.662961313799258045e-01
7.852536749781519054e-02 1.638835847014883385e-01 7.575910478006964155e-01
7.884385635413543314e-02 1.730302193811470435e-01 7.481259242647174679e-01
7.925043605995923945e-02 1.824499641621870616e-01 7.382995997778537545e-01
8.011157922753237015e-02 1.920771840329349445e-01 7.278112367395326299e-01
8.111189127508922070e-02 2.018835605108235676e-01 7.170045482140872117e-01
8.248130267483405609e-02 2.118556077870989984e-01 7.056630895380670010e-01
8.404097445325353632e-02 2.219520361366571493e-01 6.940069894100893144e-01
8.599922811941534961e-02 2.321347555907602445e-01 6.818660162898243504e-01
8.810890548892930108e-02 2.424124070626003657e-01 6.694786874484702777e-01
9.056993180997857662e-02 2.528694756132099375e-01 6.565605925768115414e-01
9.325525047428695480e-02 2.635307288670829529e-01 6.432140206586300923e-01
9.614079820161053336e-02 2.743614092729380616e-01 6.294977925254513496e-01
9.930301959716480997e-02 2.855388920426076282e-01 6.151580883602275618e-01
1.026383158324955525e-01 2.969264207040964720e-01 6.004352634634079200e-01
1.062594531470255066e-01 3.086521049369137515e-01 5.850884419160607974e-01
1.100780641272718352e-01 3.205675717259470758e-01 5.693543641467810890e-01
1.143024849315578129e-01 3.326522388742786385e-01 5.530452761941635487e-01
1.188401844111617311e-01 3.448042488478035850e-01 5.363555667410346839e-01
1.238160356337190127e-01 3.569891353962666436e-01 5.191948289700143437e-01
1.293134607750299758e-01 3.691934446382700852e-01 5.014930945866998835e-01
1.352369198295777786e-01 3.813631186435125775e-01 4.833999615269096162e-01
1.416947309336180905e-01 3.934515170136967388e-01 4.648537520526851430e-01
1.489077315401300949e-01 4.053903685474427032e-01 4.457018999124272574e-01
1.568302290631619078e-01 4.170650241223411436e-01 4.261047468144969486e-01
1.656397914170016084e-01 4.283536577849080818e-01 4.060065507980902821e-01
1.754956848921525869e-01 4.391228317158478722e-01 3.853814833919995686e-01
1.865640148681327048e-01 4.491925972871805284e-01 3.642433878446867390e-01
1.990844063489218829e-01 4.583350661581124807e-01 3.425805274929656363e-01
2.131620919818014159e-01 4.663889219298891220e-01 3.204489860883094066e-01
2.289251211225707683e-01 4.730880199116030971e-01 2.979868589658261624e-01
2.465548949879882434e-01 4.782198799591316218e-01 2.752252250528801070e-01
2.661763321702835805e-01 4.814870814392731013e-01 2.523365863904433182e-01
2.880131912382787318e-01 4.825629355125008457e-01 2.294238732492203947e-01
3.120278627519573744e-01 4.813063362820951818e-01 2.066658009659474715e-01
3.380818686123115424e-01 4.775704937996139154e-01 1.843476375880745144e-01
3.662667424298819419e-01 4.711068473846033999e-01 1.626264101855146027e-01
3.966195378735662413e-01 4.615585768196763805e-01 1.418218853067574337e-01
4.288870816499656957e-01 4.490818537855317816e-01 1.220310645645024950e-01
4.626667717631133270e-01 4.338155587071940156e-01 1.035176695296926019e-01
4.974001528051974486e-01 4.160933696466959653e-01 8.650647754810660006e-02
5.325545954494534939e-01 3.962551745941582659e-01 7.119022995638825402e-02
5.671671793797106176e-01 3.750284935542289588e-01 5.780432706606036114e-02
6.003175839231305044e-01 3.535186461575996475e-01 4.616376991926984807e-02
6.304442187696199795e-01 3.330612433937056860e-01 3.649453783667422346e-02
6.562463501085968876e-01 3.152191096749765720e-01 2.853454021642642946e-02
6.755730831332780184e-01 3.022646540129023673e-01 2.216226285381961425e-02
6.860038878681004038e-01 2.968864889474595037e-01 1.710962318444009256e-02
6.843428483330755707e-01 3.026639537817077397e-01 1.299319788521669135e-02
6.655808600149567544e-01 3.248809122484915823e-01 9.538227736551609451e-03
6.238639553659200976e-01 3.699874150715690702e-01 6.148629562510776747e-03
5.522407317764329582e-01 4.450513897532365482e-01 2.707878470330438592e-03
4.061849019001294581e-01 5.938150980998705419e-01 0.000000000000000000e+00
