2.768982648449512252e-01 7.176986535176219650e-01 5.403081637426865314e-03
3.584625892358350718e-01 6.313633528325117705e-01 1.017405793165315937e-02
4.225980061741180238e-01 5.625908920026826410e-01 1.481110182319933521e-02
4.639887818688170906e-01 5.166714228733507719e-01 1.933979525783213749e-02
4.834475296699276559e-01 4.925138740603867138e-01 2.403859626968563382e-02
4.815176370619064783e-01 4.888061101679653797e-01 2.967625277012808996e-02
4.629989913090472586e-01 5.006074379707747823e-01 3.639357072017791045e-02
4.279184622614659039e-01 5.271342222953548928e-01 4.494731544317921018e-02
3.814196233656509394e-01 5.632358571333708763e-01 5.534451950097813572e-02
3.238663670915801762e-01 6.079198632641855671e-01 6.821376964423421507e-02
2.602735418171792103e-01 6.563953551223422611e-01 8.333110306047852855e-02
1.927226397478725706e-01 7.062648348240188056e-01 1.010125254281086793e-01
1.252163355966198210e-01 7.540270751201815225e-01 1.207565892831986704e-01
5.982171466090566159e-02 7.978159754903506595e-01 1.423623098487437066e-01
1.710031420608382202e-04 8.343352016231403434e-01 1.654937952347987906e-01
5.411520229734161080e-02 7.561638205405181168e-01 1.897209771621402308e-01
1.008897869391142121e-01 6.845115467233496842e-01 2.145986663375361037e-01
1.410911140051429591e-01 6.190067626490527442e-01 2.399021233458042968e-01
1.745989339260059503e-01 5.601105635477625633e-01 2.652905025262314309e-01
2.020410883970451543e-01 5.072229071344735996e-01 2.907360044684812461e-01
2.239120959212690387e-01 4.601655972687789253e-01 3.159223068099520360e-01
2.410655624791915586e-01 4.180775043884092934e-01 3.408569331323991203e-01
2.542371233714476597e-01 3.804209562324448735e-01 3.653419203961075223e-01
2.640646360314010677e-01 3.465686442316447957e-01 3.893667197369541921e-01
2.708750074673403896e-01 3.164452793949820153e-01 4.126797131376775951e-01
2.749229314371801070e-01 2.898990846066664684e-01 4.351779839561533691e-01
2.765964683226194154e-01 2.667018839908377181e-01 4.567016476865429220e-01
2.761354261937550847e-01 2.467954469895293768e-01 4.770691268167154830e-01
2.742522388100375741e-01 2.295233788525178342e-01 4.962243823374445917e-01
2.707071301872576718e-01 2.154410510035920101e-01 5.138518188091503180e-01
2.653741213566642165e-01 2.049207182613592693e-01 5.297051603819765697e-01
2.589385042187370978e-01 1.972322650221509655e-01 5.438292307591119368e-01
2.512957320696681540e-01 1.925260180469109406e-01 5.561782498834209054e-01
2.424280275263689388e-01 1.909253266231377699e-01 5.666466458504932913e-01
2.327206943527959093e-01 1.918112900625639217e-01 5.754680155846402245e-01
2.221858742087624017e-01 1.950147015805054895e-01 5.827994242107320533e-01
2.109907203823013222e-01 2.001891937134316901e-01 5.888200859042670432e-01
1.993420011978850881e-01 2.068454888137494230e-01 5.938125099883655444e-01
1.872439992959563093e-01 2.147858568309946037e-01 5.979701438730490315e-01
1.749632279414038427e-01 2.236214392523813155e-01 6.014153328062148418e-01
1.625023465095843944e-01 2.330866790832349933e-01 6.044109744071806123e-01
1.499609924245693393e-01 2.430595336375016569e-01 6.069794739379289483e-01
1.375131669352480657e-01 2.532270525413633511e-01 6.092597805233885833e-01
1.250596189754437648e-01 2.636572497253839575e-01 6.112831312991722221e-01
1.128513991413279127e-01 2.740120068287559274e-01 6.131365940299161599e-01
1.007192572031220812e-01 2.844777922663519476e-01 6.148029505305260267e-01
8.888335116753826037e-02 2.947561576330710587e-01 6.163604911993906255e-01
7.731139537136277884e-02 3.049464313897599643e-01 6.177421732388772568e-01
6.599590396866206188e-02 3.149372685726367083e-01 6.190668274587012299e-01
5.499598264221722266e-02 3.248231142877600064e-01 6.201809030700228265e-01
4.430255234292362898e-02 3.344272809688721981e-01 6.212701666882042284e-01
3.384630826076145960e-02 3.439744355028395706e-01 6.221792562363989143e-01
2.380085454458485961e-02 3.531817584643353047e-01 6.230173869910798912e-01
1.399623907105729259e-02 3.622612855227917983e-01 6.237424754061509091e-01
4.650355537463790601e-03 3.709757155793509398e-01 6.243739288831853251e-01
4.659705070491182433e-03 3.703763921721946462e-01 6.249639027573141714e-01
1.327733370996758699e-02 3.613119154971713431e-01 6.254107507928611254e-01
2.188207827636973191e-02 3.522691248970990507e-01 6.258487968265312729e-01
2.999112379567459019e-02 3.438381944260876510e-01 6.261706817782377588e-01
3.786339873703609138e-02 3.356878132909477674e-01 6.264487879720161967e-01
4.545392628411620839e-02 3.278835226510032896e-01 6.266625510648804465e-01
5.257329735858412567e-02 3.206302759459125351e-01 6.267964266955033947e-01
5.968220585536326839e-02 3.133950121957314039e-01 6.269227819489052722e-01
6.621584992116819057e-02 3.068437472496008400e-01 6.269404028292310249e-01
7.260700295197497489e-02 3.004276728621337877e-01 6.269653241858912374e-01
7.879328427903958820e-02 2.942917748970539371e-01 6.269149408239064192e-01
8.449629366529104457e-02 2.886845167291605119e-01 6.268191896055483880e-01
9.023308128166646069e-02 2.830346737988471695e-01 6.267322449194864253e-01
9.554666334304323660e-02 2.779462225353490634e-01 6.265071141216077555e-01
1.006585998081676037e-01 2.730413871717815022e-01 6.263000130200508941e-01
1.057013932852710059e-01 2.682708638814301771e-01 6.260277428332988725e-01
1.103670326732777429e-01 2.640077956556428074e-01 6.256251716710794497e-01
1.149391198441672701e-01 2.598238465397285646e-01 6.252370336161041653e-01
1.193810456726793201e-01 2.558770965916969953e-01 6.247418577356237401e-01
1.234732781419861092e-01 2.523647295177375849e-01 6.241619923402762504e-01
1.275716869727456793e-01 2.488588589498228476e-01 6.235694540774314731e-01
1.314566553652867231e-01 2.456405418434014498e-01 6.229028027913118271e-01
1.350673744374742413e-01 2.427669940832510864e-01 6.221656314792746167e-01
1.387442291297474872e-01 2.398281474862266061e-01 6.214276233840259067e-01
1.420784155220156109e-01 2.372872486914827661e-01 6.206343357865016230e-01
1.453193080007929572e-01 2.348689168512346770e-01 6.198117751479723658e-01
1.485567256906545897e-01 2.324630849687902012e-01 6.189801893405552091e-01
1.514468539815549963e-01 2.304589352432215854e-01 6.180942107752234183e-01
1.543688025579026957e-01 2.284388369201142410e-01 6.171923605219830078e-01
1.571274500465343338e-01 2.266093380359970322e-01 6.162632119174686895e-01
1.596471753128571591e-01 2.250545482391383967e-01 6.152982764480044997e-01
1.621859298012807149e-01 2.234986904065330293e-01 6.143153797921863113e-01
1.644769216575918125e-01 2.222368281921880406e-01 6.132862501502200914e-01
1.666469505736147272e-01 2.211253779242812190e-01 6.122276715021041094e-01
1.687669449173497260e-01 2.200793956440059151e-01 6.111536594386443033e-01
1.706772852135041152e-01 2.192541688841039837e-01 6.100685459023919011e-01
1.725619367970047668e-01 2.184616122915974401e-01 6.089764509113978486e-01
1.742973411501466119e-01 2.178618533783960309e-01 6.078408054714573572e-01
1.759091566151907982e-01 2.174067625620065281e-01 6.066840808228026738e-01
1.774957179270557628e-01 2.170016348845007492e-01 6.055026471884434880e-01
1.788644551419880102e-01 2.168441331949191309e-01 6.042914116630928589e-01
1.802365161568472707e-01 2.167016993559027771e-01 6.030617844872500077e-01
1.814414175158649556e-01 2.167672217878982011e-01 6.017913606962368434e-01
1.825609299427417009e-01 2.169558911329814155e-01 6.004831789242769391e-01
1.836568735965206645e-01 2.171846236095653637e-01 5.991585027939140273e-01
1.846279937667541504e-01 2.175832189436837094e-01 5.977887872895620847e-01
1.855856546063907042e-01 2.180075783703012693e-01 5.964067670233080820e-01
1.864399329542933970e-01 2.185590495497440333e-01 5.950010174959625697e-01
1.872759037099749890e-01 2.191498643698226445e-01 5.935742319202024220e-01
1.880678065787323439e-01 2.197862925096346620e-01 5.921459009116329941e-01
1.888574157772353046e-01 2.204373819655729427e-01 5.907052022571918082e-01
1.896334466692142229e-01 2.210671036242441989e-01 5.892994497065415782e-01
1.904017667807533232e-01 2.216934633239102670e-01 5.879047698953364653e-01
1.911038860160041430e-01 2.223220591167798244e-01 5.865740548672160326e-01
1.917815026939455048e-01 2.229667323092425768e-01 5.852517649968119740e-01
1.924403037340259859e-01 2.235656938016366002e-01 5.839940024643374139e-01
1.931011971661742987e-01 2.241666875054311170e-01 5.827321153283945288e-01
1.937327650272408497e-01 2.247535230337942558e-01 5.815137119389649500e-01
1.943489007719432227e-01 2.253335084284201484e-01 5.803175907996366290e-01
1.949621202823828003e-01 2.259006257652197425e-01 5.791372539523974572e-01
1.955663380182664501e-01 2.264319992474757015e-01 5.780016627342577928e-01
1.961785802396707745e-01 2.269837328075297034e-01 5.768376869527994666e-01
1.967520487018181718e-01 2.274569906159531474e-01 5.757909606822286808e-01
1.973303041043939499e-01 2.279400647679863390e-01 5.747296311276196557e-01
1.979194646265395874e-01 2.283924534503485315e-01 5.736880819231119366e-01
1.985206494799984234e-01 2.287486469030133307e-01 5.727307036169883014e-01
1.991284053193548842e-01 2.291461081009613654e-01 5.717254865796836949e-01
1.997313616056264896e-01 2.294343045105429191e-01 5.708343338838306469e-01
2.003404978846385909e-01 2.296937954421243155e-01 5.699657066732370936e-01
2.009575421297062903e-01 2.299585577605147702e-01 5.690839001097789396e-01
2.015884305529446197e-01 2.301400910275793743e-01 5.682714784194760060e-01
2.022323184868853319e-01 2.303037580120768091e-01 5.674639235010378036e-01
2.028817371498076172e-01 2.304702700692276007e-01 5.666479927809647821e-01
2.034987969401637620e-01 2.305770445205710395e-01 5.659241585392651430e-01
2.041161080540566108e-01 2.306778827380930874e-01 5.652060092078502462e-01
2.047413665683255890e-01 2.307815906779266957e-01 5.644770427537476598e-01
2.053703536054112821e-01 2.307854649311937845e-01 5.638441814633948779e-01
2.060111484623534106e-01 2.307632734252884621e-01 5.632255781123580718e-01
2.066636479951630689e-01 2.307615842836487907e-01 5.625747677211881959e-01
2.073062887979028046e-01 2.306861696068512879e-01 5.620075415952459075e-01
2.079553044773873038e-01 2.305937546781253733e-01 5.614509408444873229e-01
2.086162577557960085e-01 2.305119177155736665e-01 5.608718245286302695e-01
2.092670820619441097e-01 2.304081224091744096e-01 5.603247955288814808e-01
2.098900578518193005e-01 2.302367863936862769e-01 5.598731557544943671e-01
2.105339126305112996e-01 2.300848446754752974e-01 5.593812426940133475e-01
2.111830872241096113e-01 2.299374224972627889e-01 5.588794902786275998e-01
2.117500196335178608e-01 2.296789689309686189e-01 5.585710114355134648e-01
2.123254847223831066e-01 2.294162962843456777e-01 5.582582189932712158e-01
2.129050817280745411e-01 2.291624431519850846e-01 5.579324751199403742e-01
2.134852726622518682e-01 2.288419273825426092e-01 5.576727999552054671e-01
2.140906393912468952e-01 2.284104434590448207e-01 5.574989171497082285e-01
2.147162419875993100e-01 2.279913302755983695e-01 5.572924277368023205e-01
2.153445550930510044e-01 2.275729800497776623e-01 5.570824648571713889e-01
2.159770730443856812e-01 2.270075061306955355e-01 5.570154208249188388e-01
2.166410273835324141e-01 2.264153170775465851e-01 5.569436555389210008e-01
2.173139199755730333e-01 2.258251419728173337e-01 5.568609380516096330e-01
2.179890409183306010e-01 2.251947303684297408e-01 5.568162287132396582e-01
2.186846422271475077e-01 2.244676314630564828e-01 5.568477263097960650e-01
2.193951618969927631e-01 2.237305671511837790e-01 5.568742709518234024e-01
2.201153001574220336e-01 2.229925818486322431e-01 5.568921179939456678e-01
2.208418061230576490e-01 2.222221757416942278e-01 5.569360181352481787e-01
2.215747677215629263e-01 2.213960387316058487e-01 5.570291935468312250e-01
2.223159662949008020e-01 2.205863933830076729e-01 5.570976403220915252e-01
2.230709107085281362e-01 2.197652821556964620e-01 5.571638071357754018e-01
2.238078423930914829e-01 2.188951354082245837e-01 5.572970221986839334e-01
2.245432043832853442e-01 2.180303960364522453e-01 5.574263995802624105e-01
2.252892436258280284e-01 2.171645986639516579e-01 5.575461577102203137e-01
2.260327799862894005e-01 2.162824013722848271e-01 5.576848186414257169e-01
2.267114253981117322e-01 2.153970872617310128e-01 5.578914873401572549e-01
2.273622784164026633e-01 2.145456578562725536e-01 5.580920637273247831e-01
2.280285679815590716e-01 2.136962654192435807e-01 5.582751665991972922e-01
2.286903845772918498e-01 2.128086693156709952e-01 5.585009461070371550e-01
2.292322875319749986e-01 2.120230757394376830e-01 5.587446367285873183e-01
2.297989468160339110e-01 2.112523584386785114e-01 5.589486947452876331e-01
2.303743778440339729e-01 2.104625431416842218e-01 5.591630790142817498e-01
2.308772125340781689e-01 2.096936035964040990e-01 5.594291838695176766e-01
2.313159657051441775e-01 2.089806425288089908e-01 5.597033917660468871e-01
2.317632676874770703e-01 2.082747476283457466e-01 5.599619846841771276e-01
2.322067531666407447e-01 2.075557840181463387e-01 5.602374628152129166e-01
2.325993183876505221e-01 2.068891877268377311e-01 5.605114938855116913e-01
2.329737576942449984e-01 2.062635242404544655e-01 5.607627180653005361e-01
2.333597655999017917e-01 2.056291388567013101e-01 5.610110955433968982e-01
2.337148911175984667e-01 2.050146298718759086e-01 5.612704790105256247e-01
2.339568505394038489e-01 2.045100844681289054e-01 5.615330649924672457e-01
2.342218916541523588e-01 2.039897855225072387e-01 5.617883228233403470e-01
2.344738780389304944e-01 2.034800024142212616e-01 5.620461195468482440e-01
2.346629686095510481e-01 2.030488778098790137e-01 5.622881535805699382e-01
2.348214307353415631e-01 2.026757003567822846e-01 5.625028689078761523e-01
2.349938016763371551e-01 2.022861089869263385e-01 5.627200893367364509e-01
2.351496224980436645e-01 2.018986592887910270e-01 5.629517182131652531e-01
2.352839289955823143e-01 2.014436011082125777e-01 5.632724698962051635e-01
2.354255833211840176e-01 2.009928376145504458e-01 5.635815790642655365e-01
2.355672065413499938e-01 2.005245295018623919e-01 5.639082639567876143e-01
2.357267377673331055e-01 1.999791453288051191e-01 5.642941169038617755e-01
2.358886671548360292e-01 1.993749167435693304e-01 5.647364161015946404e-01
2.360584091457340605e-01 1.987759660366330561e-01 5.651656248176328834e-01
2.362161839505958483e-01 1.981774035798298250e-01 5.656064124695743267e-01
2.363704936008503843e-01 1.975612141507452346e-01 5.660682922484043811e-01
2.365349223394870304e-01 1.969417533799011633e-01 5.665233242806118064e-01
2.366470793927988869e-01 1.963080855986665263e-01 5.670448350085345313e-01
2.366938741573586524e-01 1.956607138073361840e-01 5.676454120353051636e-01
2.367457308818517459e-01 1.950081443619098298e-01 5.682461247562383688e-01
2.368094370893953360e-01 1.943070752777438237e-01 5.688834876328608958e-01
2.368613048678158139e-01 1.935728583250524437e-01 5.695658368071317978e-01
2.369073960137558776e-01 1.928729658744635644e-01 5.702196381117805579e-01
2.369983820538482666e-01 1.920197078717879036e-01 5.709819100743638298e-01
2.371530133589272449e-01 1.910246118935359227e-01 5.718223747475368324e-01
2.372944879211164038e-01 1.900459036906693155e-01 5.726596083882142807e-01
2.374624454639945870e-01 1.890076741733286436e-01 5.735298803626768249e-01
2.375394423869392480e-01 1.880248684902101619e-01 5.744356891228505901e-01
2.375937202733320319e-01 1.870728748224532723e-01 5.753334049042146958e-01
2.376506678780603288e-01 1.861094031664303206e-01 5.762399289555093507e-01
2.377023640907986457e-01 1.850912730498037728e-01 5.772063628593976370e-01
2.377698501493019645e-01 1.840217878538221719e-01 5.782083619968758637e-01
2.378368838553354681e-01 1.829342669390547904e-01 5.792288492056097970e-01
2.378973616726903773e-01 1.818461330550765753e-01 5.802565052722330474e-01
2.378240924039461412e-01 1.808922897327476242e-01 5.812836178633061790e-01
2.377194899430928321e-01 1.799667661117172468e-01 5.823137439451898656e-01
2.376144956976279921e-01 1.790225768436690679e-01 5.833629274587029956e-01
2.374742939479596027e-01 1.781345808609345882e-01 5.843911251911058091e-01
2.373174219753943492e-01 1.772972923350362162e-01 5.853852856895694901e-01
2.371770398206839436e-01 1.764605322738365123e-01 5.863624279054795441e-01
2.369887598007782703e-01 1.756110202621632421e-01 5.874002199370584876e-01
2.366571499301908243e-01 1.747942330522689325e-01 5.885486170175402432e-01
2.362799451051570410e-01 1.740128688126710843e-01 5.897071860821718747e-01
2.358974481709882332e-01 1.732048165290457353e-01 5.908977352999660315e-01
2.355158035150215490e-01 1.723523823423041001e-01 5.921318141426743509e-01
2.351438589378258004e-01 1.714745908809616193e-01 5.933815501812126358e-01
2.347688519241063476e-01 1.705908784485038465e-01 5.946402696273898059e-01
2.343670751827321985e-01 1.696967721312216959e-01 5.959361526860461611e-01
2.338715351668344544e-01 1.688387752441870004e-01 5.972896895889785451e-01
2.333454223113555770e-01 1.680029434020389179e-01 5.986516342866055052e-01
2.328122416511729798e-01 1.671392525904872306e-01 6.000485057583397897e-01
2.323091158965660541e-01 1.662437926032545032e-01 6.014470915001793871e-01
2.318344581266117976e-01 1.653212023589640811e-01 6.028443395144241768e-01
2.313560965659162139e-01 1.643929171697313674e-01 6.042509862643524743e-01
2.308410637302718005e-01 1.634535262280982781e-01 6.057054100416299214e-01
2.302308565662576911e-01 1.625624931647580151e-01 6.072066502689842382e-01
2.296148772116557990e-01 1.616468299730082769e-01 6.087382928153358685e-01
2.289719451183029886e-01 1.607372886348716889e-01 6.102907662468253225e-01
2.282963119447743439e-01 1.598588500729598572e-01 6.118448379822657435e-01
2.275961677989123411e-01 1.590006194875405177e-01 6.134032127135471413e-01
2.268911558852969024e-01 1.581173245915801218e-01 6.149915195231229204e-01
2.261354626812750457e-01 1.572604731796276578e-01 6.166040641390972965e-01
2.252817785007290019e-01 1.564481226827303395e-01 6.182700988165407141e-01
2.243973206503356854e-01 1.556338734995218465e-01 6.199688058501424681e-01
2.235074390263724897e-01 1.548070722597618687e-01 6.216854887138656416e-01
2.225953656338218734e-01 1.539895047206080170e-01 6.234151296455701097e-01
2.216439856977283629e-01 1.531955649938550046e-01 6.251604493084166325e-01
2.206839995432838819e-01 1.523815209329022480e-01 6.269344795238138701e-01
2.197025495927336092e-01 1.515422496478149306e-01 6.287552007594514603e-01
2.186557519858514098e-01 1.506823780984274386e-01 6.306618699157211516e-01
2.175680778610008526e-01 1.498387391175858285e-01 6.325931830214133189e-01
2.164880135355302659e-01 1.489499908729394750e-01 6.345619955915302590e-01
2.153676606719268638e-01 1.480587979768859253e-01 6.365735413511871554e-01
2.142072752149036252e-01 1.471673675444493679e-01 6.386253572406469514e-01
2.130411980412705852e-01 1.462569037187297916e-01 6.407018982399995677e-01
2.118095665638546898e-01 1.453617367002848493e-01 6.428286967358604054e-01
2.104786934636012630e-01 1.445155341019724871e-01 6.450057724344262500e-01
2.091289658483232450e-01 1.436577818852615707e-01 6.472132522664152399e-01
2.077561433850028672e-01 1.427978180823661347e-01 6.494460385326309426e-01
2.063333468978200136e-01 1.419842950112849556e-01 6.516823580908950309e-01
2.048745901677468395e-01 1.411943213010551368e-01 6.539310885311980792e-01
2.034003359307788861e-01 1.403840435356366045e-01 6.562156205335845094e-01
2.018929231946540170e-01 1.395986252910628167e-01 6.585084515142831663e-01
2.003365325731257252e-01 1.388503003492025378e-01 6.608131670776716815e-01
1.987615184078661557e-01 1.380926135899727125e-01 6.631458680021611318e-01
1.971610198628319655e-01 1.373424320237728313e-01 6.654965481133952032e-01
1.955182805107770205e-01 1.366562034811354964e-01 6.678255160080874830e-01
1.938369287049752643e-01 1.359818135404837758e-01 6.701812577545409599e-01
1.921434466874034630e-01 1.353020644398428285e-01 6.725544888727537085e-01
1.903806517331718684e-01 1.346734220445120478e-01 6.749459262223160838e-01
1.885478283338994920e-01 1.341066458523367810e-01 6.773455258137637269e-01
1.867026562827944214e-01 1.335314846787751808e-01 6.797658590384304533e-01
1.848052389926627126e-01 1.329779864350990604e-01 6.822167745722381715e-01
1.828064541398375376e-01 1.325090832541695463e-01 6.846844626059929162e-01
1.807714487951262439e-01 1.320635264695875222e-01 6.871650247352861784e-01
1.787146360127063183e-01 1.316094417316788778e-01 6.896759222556148039e-01
1.766029288588636392e-01 1.311656596954292597e-01 6.922314114457071010e-01
1.744435609318095159e-01 1.307496257976838994e-01 6.948068132705066402e-01
1.722619714195100515e-01 1.303355002935121520e-01 6.974025282869777964e-01
1.700703526299073842e-01 1.298991080556151090e-01 7.000305393144775623e-01
1.678630159498334384e-01 1.294211255222738055e-01 7.027158585278927561e-01
1.656322591988085846e-01 1.289697214263649805e-01 7.053980193748264904e-01
1.633798526872616841e-01 1.285109073526111700e-01 7.081092399601270904e-01
1.610804097125722589e-01 1.280595460671494212e-01 7.108600442202782643e-01
1.587387910541487868e-01 1.276218759147628168e-01 7.136393330310883965e-01
1.563867222119136313e-01 1.271993134848597995e-01 7.164139643032265692e-01
1.539671844811588142e-01 1.268364613776129524e-01 7.191963541412281780e-01
1.514639167662704122e-01 1.265645136401947202e-01 7.219715695935348121e-01
1.489376641436583326e-01 1.263142500881659913e-01 7.247480857681757316e-01
1.463971475590974403e-01 1.261049713219672963e-01 7.274978811189353189e-01
1.438225169588301933e-01 1.260008153841504219e-01 7.301766676570193848e-01
1.412234205691979549e-01 1.259562913247593841e-01 7.328202881060427165e-01
1.386178403475898380e-01 1.259505157488122196e-01 7.354316439035979425e-01
1.360477544969436181e-01 1.260069779876469287e-01 7.379452675154094532e-01
1.335135684120636324e-01 1.261365542964034692e-01 7.403498772915328985e-01
1.309812657397232960e-01 1.263209541326544283e-01 7.426977801276223312e-01
1.284497729011863654e-01 1.265733759362284161e-01 7.449768511625852740e-01
1.261002812826603758e-01 1.267152138624709767e-01 7.471845048548686474e-01
1.237960717495376617e-01 1.269032820312083754e-01 7.493006462192539630e-01
1.214901420002820753e-01 1.271821418354275313e-01 7.513277161642903934e-01
1.192565303782755493e-01 1.275473950496159858e-01 7.531960745721084649e-01
1.171816107626133530e-01 1.280164194084599805e-01 7.548019698289266666e-01
1.151405085069229783e-01 1.286068805700850692e-01 7.562526109229920079e-01
1.131363739021069015e-01 1.293086947965333966e-01 7.575549313013597574e-01
1.112617642891181591e-01 1.301178593390103222e-01 7.586203763718715187e-01
1.095603501296520954e-01 1.310452821703285142e-01 7.593943677000194459e-01
1.078894608965628166e-01 1.321138849965011186e-01 7.599966541069360648e-01
1.063022344157892318e-01 1.333338008758283566e-01 7.603639647083824116e-01
1.048911365670638363e-01 1.347421732333430322e-01 7.603666901995931315e-01
1.035818066117183411e-01 1.363344168552377278e-01 7.600837765330439311e-01
1.023447635784430765e-01 1.380907929494263886e-01 7.595644434721305904e-01
1.012180137475026664e-01 1.400370115846647501e-01 7.587449746678325280e-01
1.002503162027004735e-01 1.421833190878092346e-01 7.575663647094902364e-01
9.934520669730501075e-02 1.445150284754015413e-01 7.561397648272935035e-01
9.854024041725412131e-02 1.470584201761966359e-01 7.544013394065492983e-01
9.785235976961054183e-02 1.498834615674520254e-01 7.522641786629373772e-01
9.725128519563913665e-02 1.529200999811732853e-01 7.498286148231875226e-01
9.673913779921894385e-02 1.561579651135466262e-01 7.471028970872344299e-01
9.636512626677939952e-02 1.596996964026723420e-01 7.439351773305482585e-01
9.608278501257738746e-02 1.634702972010173561e-01 7.404469177864052565e-01
9.588484646043010651e-02 1.674206931470951787e-01 7.366944603924746593e-01
9.585353044581235160e-02 1.716164518526749339e-01 7.325300177015127145e-01
9.591919543422122718e-02 1.760138520886797009e-01 7.280669524770990719e-01
9.607085370614265596e-02 1.805795612801454064e-01 7.233495850137119376e-01
9.638481187399650096e-02 1.853083979242358126e-01 7.183067902017676865e-01
9.678643222649618849e-02 1.901901014971323356e-01 7.130234662763714759e-01
9.727658752720919066e-02 1.952296953506416077e-01 7.074937171221492571e-01
9.789990934139208845e-02 2.004113054295972862e-01 7.016887852290106808e-01
9.859698259449634072e-02 2.057570745337138352e-01 6.956459428717898241e-01
9.937901363917961417e-02 2.112174156340422826e-01 6.894035707267781588e-01
1.003036892325758767e-01 2.168558210938049680e-01 6.828404896736192109e-01
1.012645372246172015e-01 2.225957950515198291e-01 6.761396677238630248e-01
1.023803665783425410e-01 2.284348335192991630e-01 6.691847999023582405e-01
1.036078249452398459e-01 2.343743791143610977e-01 6.620177959403990009e-01
1.048912153426610483e-01 2.403829439133495782e-01 6.547258407439894290e-01
1.063903066904619554e-01 2.463709854489843920e-01 6.472387078605537081e-01
1.079241652291173525e-01 2.524424451359077448e-01 6.396333896349749581e-01
1.096151296294577415e-01 2.584676677577798509e-01 6.319172026127624076e-01
1.114240325458258907e-01 2.645023258573452329e-01 6.240736415968288764e-01
1.133149891084381800e-01 2.705158573416212020e-01 6.161691535499406180e-01
1.153440948070875161e-01 2.765035658176698830e-01 6.081523393752426010e-01
1.173941522723262465e-01 2.824858287158251713e-01 6.001200190118486377e-01
1.196194953267650796e-01 2.884289642597270831e-01 5.919515404135078374e-01
1.218554679460241985e-01 2.943719794146011370e-01 5.837725526393746645e-01
1.242220509489319058e-01 3.002990842465623755e-01 5.754788648045057187e-01
1.266147092942587760e-01 3.062044157181772475e-01 5.671808749875639766e-01
1.291715153116077541e-01 3.120797394328820307e-01 5.587487452555102152e-01
1.317569546676201075e-01 3.179354611406157716e-01 5.503075841917640654e-01
1.344685451408433874e-01 3.237686941705580912e-01 5.417627606885985214e-01
1.372405340467300894e-01 3.295845759027696831e-01 5.331748900505002275e-01
1.401135405902033670e-01 3.353632219004809567e-01 5.245232375093157318e-01
1.430619033904557136e-01 3.411255368604562133e-01 5.158125597490880176e-01
1.461318465501332819e-01 3.468361772980350644e-01 5.070319761518317092e-01
1.492569162893061796e-01 3.525180186769858448e-01 4.982250650337079478e-01
1.525292267012200165e-01 3.581568384931764770e-01 4.893139348056035343e-01
1.558561912208123734e-01 3.637720628145827417e-01 4.803717459646049126e-01
1.592994623714865943e-01 3.693536618204216193e-01 4.713468758080918142e-01
1.628286476982973019e-01 3.749253555519841408e-01 4.622459967497185573e-01
1.664579575251902699e-01 3.804652783701827357e-01 4.530767641046270500e-01
1.701993634050168180e-01 3.860149575589709725e-01 4.437856790360122372e-01
1.740764306973551223e-01 3.915300592692255721e-01 4.343935100334193056e-01
1.780734523232231081e-01 3.970571670157861943e-01 4.248693806609907253e-01
1.822723924493575842e-01 4.025699293993623140e-01 4.151576781512800740e-01
1.866130095897375607e-01 4.080812540411635769e-01 4.053057363690988901e-01
1.911819926595702268e-01 4.135813231329216189e-01 3.952366842075081821e-01
1.958940225685501801e-01 4.190936105576619219e-01 3.850123668737878702e-01
2.008993982121318189e-01 4.246327242155352177e-01 3.744678775723330189e-01
2.060636968498181787e-01 4.301963358709506302e-01 3.637399672792311911e-01
2.114475586082879000e-01 4.358067526265801961e-01 3.527456887651319040e-01
2.171314088675100062e-01 4.414956261359206380e-01 3.413729649965693835e-01
2.229865346918999680e-01 4.472061359077944553e-01 3.298073294003056044e-01
2.291825532010691724e-01 4.529782324632440904e-01 3.178392143356867372e-01
2.357129842940862974e-01 4.587434871051091489e-01 3.055435286008045259e-01
2.425806256453426624e-01 4.644913274400181979e-01 2.929280469146391397e-01
2.498423575062744817e-01 4.701623975703332903e-01 2.799952449233922280e-01
2.576549929370084424e-01 4.756815938877695382e-01 2.666634131752220194e-01
2.660286457283440598e-01 4.809681115769124382e-01 2.530032426947435020e-01
2.749789781962540536e-01 4.859400561757659665e-01 2.390809656279799800e-01
2.846537778104940020e-01 4.904971928875014875e-01 2.248490293020044828e-01
2.951092171956544163e-01 4.944945930634836451e-01 2.103961897408619386e-01
3.064639577728700548e-01 4.977997020975708509e-01 1.957363401295590943e-01
3.187808394542196444e-01 5.002505882342292987e-01 1.809685723115510292e-01
3.321862398945185646e-01 5.016997731212977651e-01 1.661139869841836425e-01
3.466883061874755367e-01 5.019828370028265319e-01 1.513288568096978481e-01
3.623847130081313539e-01 5.009548419302914946e-01 1.366604450615771515e-01
3.792115103735260173e-01 4.984879111396915974e-01 1.223005784867823298e-01
3.972396087870511128e-01 4.944574254453879547e-01 1.083029657675609464e-01
4.163175353728859052e-01 4.888250065285927315e-01 9.485745809852132171e-02
4.364389051058266689e-01 4.815325614088166173e-01 8.202853348535676936e-02
4.573257809861880352e-01 4.725463986626340374e-01 7.012782035117792745e-02
4.787018868357670875e-01 4.621597420258050093e-01 5.913837113842790316e-02
5.000527504786338451e-01 4.508026959070110529e-01 4.914455361435510899e-02
5.206326296328412928e-01 4.389848285271259476e-01 4.038254184003275959e-02
5.396666765628195250e-01 4.276309307634942325e-01 3.270239267368624941e-02
5.558395529542338176e-01 4.179827518377264850e-01 2.617769520803964189e-02
5.677507742676426439e-01 4.115597159397623717e-01 2.068950979259498793e-02
5.735298301153738398e-01 4.103587403532443778e-01 1.611142953138178235e-02
5.706922086188215282e-01 4.169519584146061941e-01 1.235583296657227943e-02
5.569215511279465014e-01 4.340018355226519242e-01 9.076613349401631628e-03
5.289980908100435641e-01 4.647996684347179830e-01 6.202240755238563885e-03
4.851704667065463994e-01 5.111831479996135075e-01 3.646385293840148645e-03
4.257326518109081914e-01 5.728750880623048047e-01 1.392260126787059566e-03
3.332599896761640479e-01 6.666402031750346957e-01 9.980714880120089560e-05
