1.313766838341769438e-01 8.619069971456800872e-01 6.716319020142913487e-03
1.298499558425737499e-01 8.423355295071113247e-01 2.781451465031486991e-02
1.351689097959757058e-01 8.053727904839910190e-01 5.945829972003325442e-02
1.405202166554482268e-01 7.608458695738823385e-01 9.863391377066943466e-02
1.437865267935833913e-01 7.140283651396379661e-01 1.421851080667786704e-01
1.446785958851383724e-01 6.681634456630740626e-01 1.871579584517875927e-01
1.433082079985046886e-01 6.247954020498269756e-01 2.318963899516683913e-01
1.398758106434045967e-01 5.850548597071993928e-01 2.750693296493960105e-01
1.346200988043156355e-01 5.495898665030216623e-01 3.157900346926626467e-01
1.278910937688022831e-01 5.186054618117189596e-01 3.535034444194787295e-01
1.199707793371207754e-01 4.921168202177647055e-01 3.879124004451144914e-01
1.110918751545479088e-01 4.700310327837485813e-01 4.188770920617034821e-01
1.015086929914791047e-01 4.521660784786406539e-01 4.463252285298802691e-01
9.141106456546033154e-02 4.381793804553472116e-01 4.704095549791924569e-01
8.096754907443323712e-02 4.277694179946140984e-01 4.912630329309526922e-01
7.028166621445036677e-02 4.206099714173829884e-01 5.091083623681665893e-01
5.952091532577635791e-02 4.162446974682278977e-01 5.242343872059956889e-01
4.878366371117420774e-02 4.144130747916288104e-01 5.368032614971970373e-01
3.811116050902374486e-02 4.147797262527398443e-01 5.471091132382364108e-01
2.757883741934658017e-02 4.169690848797049654e-01 5.554520777009485100e-01
1.724879539512008675e-02 4.206927085422411672e-01 5.620584960626388016e-01
7.164037333074690928e-03 4.256684982013358987e-01 5.671674644655894104e-01
2.678151565929320910e-03 4.263050986390182207e-01 5.710167497950524584e-01
1.226466256161679036e-02 4.139120786555066100e-01 5.738232587828765441e-01
2.158576492102459721e-02 4.026380784649791211e-01 5.757761566139962817e-01
3.063518219550631638e-02 3.923446970531271338e-01 5.770201207513665498e-01
3.941735338437701852e-02 3.829052490289787114e-01 5.776773975866442701e-01
4.789843089637757512e-02 3.742112094884989526e-01 5.778903596151234723e-01
5.614430369931355802e-02 3.661078277816368631e-01 5.777478685190495789e-01
6.410186067910816909e-02 3.586085432940822049e-01 5.772895960268096260e-01
7.178199263522760942e-02 3.516287646009106371e-01 5.765892427638618090e-01
7.918005172204434228e-02 3.451634074225704563e-01 5.756565408553852015e-01
8.617059859978365433e-02 3.393753294167247692e-01 5.744540719834916320e-01
9.285883254886789784e-02 3.340463203731665054e-01 5.730948470779656523e-01
9.910813570176157938e-02 3.293905611800351796e-01 5.715013031182032410e-01
1.049022107587589958e-01 3.253792462646913908e-01 5.697185429765496689e-01
1.103055253278359404e-01 3.220005975351969418e-01 5.676938771369671732e-01
1.152898015778671681e-01 3.191929220832299130e-01 5.655172763389029189e-01
1.199773876978276199e-01 3.168554096189408753e-01 5.631672026832315048e-01
1.243845511117662173e-01 3.148767123559665926e-01 5.607387365322672457e-01
1.286060374189397781e-01 3.131938166815693148e-01 5.582001458994908516e-01
1.326066584800401627e-01 3.117430135795317137e-01 5.556503279404281237e-01
1.364722028144400023e-01 3.105049876093617378e-01 5.530228095761983154e-01
1.402066367591447982e-01 3.094013021330834778e-01 5.503920611077717240e-01
1.437545434336615635e-01 3.084830687981179320e-01 5.477623877682205045e-01
1.472909731315064086e-01 3.075755264393400523e-01 5.451335004291535391e-01
1.506205132301065008e-01 3.068483448916831113e-01 5.425311418782103878e-01
1.538940596190941923e-01 3.061576037430094877e-01 5.399483366378963201e-01
1.569221319066249065e-01 3.057621005194666175e-01 5.373157675739085315e-01
1.598539539937393061e-01 3.054630566185230212e-01 5.346829893877376172e-01
1.624130881147384242e-01 3.056262885488095771e-01 5.319606233364519987e-01
1.648526018636318757e-01 3.059327984928361666e-01 5.292145996435320132e-01
1.670670832791431026e-01 3.065730008464294665e-01 5.263599158744274309e-01
1.692115939508352929e-01 3.072282536768485839e-01 5.235601523723161232e-01
1.712040078404298837e-01 3.080622135054292832e-01 5.207337786541408331e-01
1.731685119441874754e-01 3.088324484572049222e-01 5.179990395986076024e-01
1.750190107795926986e-01 3.097152315840326908e-01 5.152657576363746106e-01
1.768216222920818703e-01 3.105141730063908367e-01 5.126642047015272929e-01
1.785454723610725991e-01 3.113307668131366501e-01 5.101237608257908063e-01
1.803948181990958632e-01 3.119819690417130476e-01 5.076232127591910892e-01
1.822827287998277646e-01 3.125411265290125584e-01 5.051761446711596770e-01
1.841362246099810807e-01 3.129970212721058243e-01 5.028667541179130396e-01
1.859746764807903574e-01 3.134022366601543208e-01 5.006230868590553218e-01
1.879835276225033658e-01 3.137060974205851949e-01 4.983103749569114393e-01
1.899493012290053295e-01 3.139196789446973002e-01 4.961310198262973703e-01
1.917820156083261951e-01 3.139838430753795206e-01 4.942341413162942843e-01
1.938433079473500242e-01 3.138334760990915129e-01 4.923232159535584906e-01
1.960252160292126344e-01 3.136061633201400189e-01 4.903686206506473466e-01
1.978921348649529677e-01 3.133570302351345038e-01 4.887508348999125007e-01
1.996932439624993783e-01 3.130982590990856185e-01 4.872084969384150588e-01
2.018801780760347553e-01 3.126056683437100636e-01 4.855141535802551811e-01
2.037164955792469256e-01 3.124630786553881379e-01 4.838204257653649920e-01
2.051573917290588633e-01 3.127100954704105096e-01 4.821325128005306548e-01
2.070002283133224319e-01 3.123557067493875072e-01 4.806440649372900609e-01
2.084915809067859616e-01 3.123374434354065921e-01 4.791709756578074741e-01
2.094151741863440330e-01 3.129158010511449151e-01 4.776690247625110519e-01
2.108974712688828912e-01 3.130261431117304927e-01 4.760763856193866439e-01
2.123947877220886127e-01 3.131267215600552767e-01 4.744784907178561384e-01
2.135086369994360911e-01 3.135354265924508166e-01 4.729559364081131201e-01
2.148457518722882709e-01 3.137172619700087095e-01 4.714369861577030196e-01
2.164352427425438041e-01 3.136254985840430942e-01 4.699392586734130739e-01
2.177843135419505749e-01 3.137434889373000857e-01 4.684721975207493672e-01
2.190033744340309507e-01 3.139512569769997707e-01 4.670453685889692785e-01
2.203094039061753440e-01 3.140624922053024681e-01 4.656281038885222157e-01
2.216645113041071369e-01 3.141010297452155875e-01 4.642344589506772756e-01
2.226825751299584266e-01 3.145309483349867374e-01 4.627864765350547804e-01
2.236497752739143863e-01 3.150058416596397404e-01 4.613443830664458734e-01
2.246426482594998664e-01 3.155016922684018565e-01 4.598556594720982771e-01
2.256067995770069112e-01 3.160234838089744924e-01 4.583697166140185963e-01
2.264331216937562619e-01 3.166447902094857714e-01 4.569220880967579945e-01
2.272335159300227780e-01 3.172897576337587733e-01 4.554767264362183932e-01
2.281155248059537344e-01 3.177925542493800215e-01 4.540919209446662719e-01
2.289959777614068992e-01 3.182408297805926489e-01 4.527631924580004519e-01
2.299561153912904332e-01 3.185939519108594853e-01 4.514499326978501093e-01
2.309322421227350819e-01 3.188858047700291465e-01 4.501819531072357994e-01
2.319481357615313932e-01 3.191537746407058229e-01 4.488980895977627839e-01
2.331285665771861693e-01 3.191006586035453063e-01 4.477707748192685244e-01
2.342317716737450928e-01 3.191839808459436822e-01 4.465842474803112250e-01
2.353169534467849933e-01 3.191213587887802294e-01 4.455616877644347218e-01
2.364173344952949785e-01 3.190192635628555928e-01 4.445634019418494565e-01
2.375195819015591958e-01 3.188244492094549631e-01 4.436559688889858410e-01
2.387081298070351243e-01 3.183974643917134584e-01 4.428944058012514451e-01
2.398405836799298030e-01 3.180401606204642517e-01 4.421192556996059175e-01
2.408850599750018973e-01 3.175894353935559966e-01 4.415255046314420784e-01
2.419074584994767851e-01 3.172027635041617666e-01 4.408897779963614760e-01
2.429671609649360353e-01 3.166371578793651942e-01 4.403956811556988260e-01
2.440045509975116433e-01 3.160100706037441975e-01 4.399853783987441314e-01
2.450592453141750282e-01 3.153740055166068812e-01 4.395667491692180628e-01
2.460566845292145866e-01 3.146889520593337819e-01 4.392543634114516315e-01
2.470212732661540289e-01 3.139946707670022708e-01 4.389840559668437558e-01
2.480212210524891936e-01 3.132399079084682292e-01 4.387388710390426327e-01
2.491107308560254752e-01 3.121313659494948656e-01 4.387579031944797148e-01
2.502196610575563307e-01 3.109679104014504425e-01 4.388124285409932268e-01
2.512495158001634143e-01 3.098549670032940684e-01 4.388955171965425728e-01
2.521030107823359900e-01 3.087968575617385802e-01 4.391001316559254852e-01
2.530214079788077886e-01 3.075743515071613920e-01 4.394042405140308194e-01
2.539505036458904463e-01 3.063249131973561079e-01 4.397245831567535013e-01
2.549292884775721246e-01 3.047785516817463902e-01 4.402921598406814852e-01
2.559103344847699635e-01 3.032453146458327087e-01 4.408443508693973834e-01
2.568912277619073148e-01 3.017818191017034302e-01 4.413269531363892551e-01
2.579464218210765214e-01 3.002117800966350725e-01 4.418417980822884061e-01
2.590189820402259979e-01 2.986064335091369593e-01 4.423745844506370428e-01
2.601439197197142894e-01 2.969488859403104364e-01 4.429071943399752187e-01
2.615388173638771852e-01 2.947952227919440338e-01 4.436659598441788366e-01
2.630033662124097171e-01 2.925227369153107215e-01 4.444738968722796169e-01
2.644463439602849908e-01 2.902807828727946848e-01 4.452728731669202689e-01
2.655904366070425127e-01 2.884388292147908039e-01 4.459707341781667389e-01
2.665122903403706056e-01 2.868953094980679630e-01 4.465924001615613759e-01
2.674360922040470712e-01 2.853619529424034074e-01 4.472019548535495215e-01
2.685374255260010168e-01 2.834791911939643638e-01 4.479833832800346194e-01
2.699099429877916956e-01 2.809697172993254055e-01 4.491203397128829544e-01
2.712507849058532483e-01 2.784766506827707211e-01 4.502725644113760861e-01
2.726926438043266732e-01 2.758625324549913715e-01 4.514448237406818998e-01
2.731597398562207735e-01 2.745382491659655866e-01 4.523020109778136399e-01
2.735085790357000279e-01 2.733786287781100333e-01 4.531127921861899943e-01
2.738432017191927415e-01 2.722364495190896516e-01 4.539203487617176624e-01
2.744302906068318837e-01 2.706916539524260035e-01 4.548780554407421128e-01
2.753598066260677379e-01 2.684849376011461120e-01 4.561552557727862056e-01
2.763125783257797674e-01 2.662034012204561595e-01 4.574840204537641286e-01
2.773720779176918061e-01 2.637562735639589206e-01 4.588716485183493288e-01
2.779869118498254910e-01 2.620626965140662179e-01 4.599503916361083466e-01
2.777837022389972321e-01 2.616887380799937102e-01 4.605275596810091132e-01
2.776388060883258069e-01 2.612077412935404075e-01 4.611534526181337856e-01
2.775237499030290822e-01 2.607110010959216018e-01 4.617652490010493715e-01
2.779158110950857852e-01 2.589472368387862877e-01 4.631369520661279826e-01
2.789744659804164195e-01 2.555151476665410426e-01 4.655103863530425934e-01
2.799047068495126300e-01 2.523596125418341440e-01 4.677356806086532259e-01
2.809107896012777439e-01 2.490208936211628643e-01 4.700683167775593363e-01
2.815842777487004289e-01 2.464520032191940269e-01 4.719637190321055997e-01
2.809967801968951129e-01 2.468649407040772736e-01 4.721382790990276690e-01
2.805126485971466410e-01 2.470678178564543748e-01 4.724195335463989842e-01
2.799949142320378170e-01 2.473617811051961324e-01 4.726433046627659951e-01
2.795357425543336660e-01 2.474952724677936811e-01 4.729689849778725974e-01
2.797247098252608755e-01 2.460231569796358375e-01 4.742521331951032315e-01
2.803048411725077571e-01 2.435261537871895587e-01 4.761690050403027397e-01
2.808548727413753276e-01 2.410629395444465750e-01 4.780821877141781528e-01
2.814315976624685578e-01 2.385077172876448603e-01 4.800606850498866374e-01
2.818500479911970613e-01 2.364705409253954338e-01 4.816794110834075604e-01
2.817079619170468341e-01 2.362001452487780817e-01 4.820918928341750287e-01
2.815855307190619494e-01 2.358606363889177437e-01 4.825538328920203623e-01
2.814564010740022715e-01 2.355383490403767377e-01 4.830052498856210463e-01
2.813364429260418742e-01 2.351724746388292875e-01 4.834910824351287828e-01
2.814402157830497853e-01 2.338323608827270750e-01 4.847274233342230843e-01
2.817152710702044427e-01 2.317716137178376101e-01 4.865131152119580027e-01
2.819792986789240175e-01 2.297434532915219041e-01 4.882772480295541340e-01
2.822693378846551360e-01 2.276306898822405556e-01 4.900999722331043640e-01
2.822441822691645896e-01 2.260004717879917635e-01 4.917553459428436469e-01
2.812605837024452771e-01 2.259245470893707086e-01 4.928148692081840698e-01
2.802222475911216870e-01 2.258944453114165585e-01 4.938833070974617545e-01
2.791585354209823455e-01 2.258693826673842109e-01 4.949720819116334991e-01
2.781176193859516976e-01 2.257598769617120693e-01 4.961225036523361775e-01
2.774121700763116927e-01 2.247661328113366164e-01 4.978216971123516910e-01
2.769335578950684051e-01 2.231607882977368895e-01 4.999056538071947609e-01
2.764189340432472997e-01 2.215873560496779415e-01 5.019937099070747033e-01
2.758850304337565618e-01 2.199529752803264238e-01 5.041619942859170145e-01
2.753801800105329378e-01 2.183754195548885946e-01 5.062444004345784121e-01
2.749839809127201384e-01 2.170438759077109037e-01 5.079721431795689579e-01
2.745918427469830059e-01 2.156545130005483868e-01 5.097536442524686073e-01
2.741811206158595859e-01 2.142527021730007419e-01 5.115661772111396166e-01
2.737631155915981607e-01 2.128062955067603346e-01 5.134305889016415048e-01
2.735130922595707115e-01 2.109305123509179758e-01 5.155563953895113682e-01
2.733636371599081349e-01 2.087749972718098146e-01 5.178613655682821060e-01
2.731761364936284853e-01 2.066086044421207024e-01 5.202152590642508123e-01
2.730024918118894584e-01 2.043508932141060441e-01 5.226466149740044420e-01
2.727720416798165015e-01 2.023335310244860352e-01 5.248944272956974633e-01
2.724239274007643763e-01 2.009384701378159610e-01 5.266376024614196627e-01
2.720617823166708860e-01 1.994697215172351878e-01 5.284684961660939262e-01
2.716884390485225231e-01 1.979719166773237227e-01 5.303396442741538097e-01
2.713320370703106166e-01 1.964260901752489241e-01 5.322418727544404593e-01
2.711072793096693245e-01 1.947177342135217870e-01 5.341749864768089440e-01
2.709664911711650581e-01 1.928832775018149981e-01 5.361502313270199993e-01
2.708252055909096678e-01 1.909926415211915529e-01 5.381821528878988348e-01
2.706640467032718211e-01 1.890523766408961359e-01 5.402835766558320429e-01
2.706029702618475419e-01 1.872634747631098939e-01 5.421335549750425642e-01
2.707565155627164044e-01 1.856767320048570147e-01 5.435667524324265809e-01
2.708878258482771972e-01 1.840084045252512457e-01 5.451037696264715571e-01
2.710290137814818090e-01 1.823001852832076830e-01 5.466708009353105080e-01
2.711192050608044468e-01 1.806031138706660766e-01 5.482776810685294766e-01
2.709431759409955398e-01 1.790957516177678066e-01 5.499610724412365981e-01
2.706973024806016426e-01 1.776007297160044907e-01 5.517019678033938668e-01
2.704503477048087468e-01 1.760633988716624465e-01 5.534862534235288622e-01
2.701944036899346369e-01 1.744900765965311518e-01 5.553155197135342114e-01
2.697641894977289567e-01 1.733674820427935082e-01 5.568683284594775351e-01
2.691706586461105610e-01 1.726875050264512490e-01 5.581418363274381900e-01
2.685806364657781775e-01 1.719370060760376795e-01 5.594823574581840875e-01
2.679703668509143544e-01 1.711795764300949596e-01 5.608500567189906860e-01
2.674406258693142746e-01 1.703566816991761712e-01 5.622026924315095542e-01
2.671623926183951947e-01 1.694176909077229620e-01 5.634199164738818988e-01
2.668764488933121903e-01 1.684719721405514292e-01 5.646515789661363804e-01
2.665851051869268518e-01 1.675042247614793034e-01 5.659106700515937893e-01
2.663140900326096405e-01 1.665011066654348282e-01 5.671848033019555313e-01
2.661713639142745391e-01 1.655598075863796703e-01 5.682688284993457906e-01
2.660729809651717903e-01 1.646529021320648489e-01 5.692741169027634163e-01
2.659510109108206288e-01 1.637379889203810501e-01 5.703110001687983210e-01
2.658630489659939977e-01 1.627674270407913903e-01 5.713695239932146119e-01
2.657560180037931707e-01 1.618514190729372082e-01 5.723925629232696766e-01
2.656244892934280233e-01 1.610256317625089473e-01 5.733498789440630850e-01
2.654819140687081913e-01 1.601731347568535746e-01 5.743449511744381786e-01
2.653505194267253842e-01 1.593029716080238689e-01 5.753465089652507469e-01
2.652683969515264861e-01 1.584079147535709664e-01 5.763236882949025475e-01
2.654073565195915196e-01 1.574655347544957618e-01 5.771271087259127741e-01
2.655674765400954929e-01 1.565131718910404146e-01 5.779193515688640925e-01
2.657319263512055718e-01 1.555487654685440146e-01 5.787193081802504135e-01
2.659051896223864064e-01 1.545550567303956013e-01 5.795397536472179922e-01
2.661798092043951569e-01 1.535382959264295355e-01 5.802818948691753631e-01
2.665300861596314741e-01 1.524949348779834901e-01 5.809749789623850358e-01
2.669059597625034752e-01 1.514242023908536350e-01 5.816698378466428343e-01
2.672682345587411024e-01 1.503383687210757547e-01 5.823933967201831985e-01
2.676505390508463478e-01 1.493063268809482480e-01 5.830431340682054042e-01
2.680994639040732985e-01 1.483609683763127407e-01 5.835395677196139053e-01
2.685648616900218610e-01 1.473777573065937485e-01 5.840573810033843349e-01
2.690379914294508401e-01 1.463806407345183969e-01 5.845813678360307630e-01
2.694727310210607296e-01 1.453888748771052786e-01 5.851383941018339918e-01
2.696985458104092515e-01 1.444902547004343063e-01 5.858111994891564978e-01
2.699066807602213403e-01 1.435944431678040090e-01 5.864988760719745953e-01
2.701174197108479058e-01 1.426854439539956276e-01 5.871971363351564666e-01
2.703243931545793455e-01 1.417691410108157246e-01 5.879064658346049299e-01
2.704088377485833194e-01 1.409690515418400292e-01 5.886221107095767069e-01
2.704425490281992528e-01 1.402109724320548256e-01 5.893464785397458661e-01
2.704819773599107524e-01 1.394339274899427661e-01 5.900840951501464815e-01
2.705215955827486307e-01 1.386454127193414987e-01 5.908329916979099261e-01
2.706202024142787543e-01 1.376825560162437956e-01 5.916972415694774501e-01
2.707869377642089792e-01 1.365099983062540989e-01 5.927030639295368664e-01
2.709474689197951536e-01 1.353429469573542709e-01 5.937095841228505755e-01
2.711148920000640006e-01 1.341506000768176721e-01 5.947345079231183274e-01
2.713452102728021731e-01 1.329262126734274130e-01 5.957285770537704694e-01
2.717480216381204516e-01 1.316490283508680026e-01 5.966029500110116013e-01
2.721372316134940128e-01 1.303608196565479993e-01 5.975019487299579879e-01
2.725307498672766560e-01 1.290580272221002467e-01 5.984112229106230973e-01
2.729212037654645262e-01 1.277409297733624882e-01 5.993378664611729301e-01
2.727979569504051516e-01 1.268089892020900500e-01 6.003930538475047429e-01
2.726779708318880502e-01 1.258620573848316937e-01 6.014599717832802561e-01
2.725458533434000352e-01 1.249126379548972654e-01 6.025415087017026439e-01
2.724227201491581374e-01 1.239362180713073913e-01 6.036410617795344713e-01
2.721952002644235646e-01 1.232325890493516374e-01 6.045722106862247980e-01
2.719397887008312975e-01 1.225951273241534523e-01 6.054650839750151947e-01
2.716808032327872602e-01 1.219496914327189430e-01 6.063695053344938524e-01
2.714249868139194666e-01 1.212892387690412965e-01 6.072857744170392369e-01
2.710200259511063581e-01 1.207239820053354062e-01 6.082559920435582912e-01
2.705024952750580414e-01 1.202307645781661716e-01 6.092667401467758426e-01
2.699869753170939246e-01 1.197463252600469152e-01 6.102666994228591602e-01
2.694600946196070157e-01 1.192491635335699574e-01 6.112907418468230825e-01
2.689607979333218934e-01 1.186982531667639673e-01 6.123409488999141947e-01
2.685127456778065858e-01 1.180773202419022061e-01 6.134099340802912081e-01
2.680526747113184394e-01 1.174712725847723016e-01 6.144760527039092590e-01
2.675956134959039390e-01 1.168422785800631303e-01 6.155621079240328752e-01
2.670524788756692969e-01 1.162398348186813868e-01 6.167076863056493163e-01
2.664089678819867579e-01 1.156801783439003195e-01 6.179108537741129226e-01
2.657611211952429775e-01 1.151098169626346701e-01 6.191290618421223524e-01
2.650940118963992509e-01 1.145550644490679337e-01 6.203509236545328154e-01
2.644868963939406847e-01 1.138202958952905242e-01 6.216928077107687356e-01
2.639116923331952247e-01 1.129802214950810235e-01 6.231080861717237518e-01
2.633242718739403632e-01 1.121321026359662909e-01 6.245436254900933459e-01
2.627511385606158267e-01 1.112504003092842364e-01 6.259984611300999369e-01
2.619090824695411435e-01 1.106364146860223663e-01 6.274545028444364902e-01
2.609269358386753224e-01 1.101591617353728791e-01 6.289139024259517985e-01
2.599430718475785329e-01 1.096662207777467923e-01 6.303907073746747303e-01
2.589478824614909191e-01 1.091623290588560335e-01 6.318897884796530473e-01
2.579089958124827775e-01 1.087217643758804364e-01 6.333692398116367306e-01
2.568296715636371186e-01 1.083286254551329986e-01 6.348417029812298829e-01
2.557366914976839101e-01 1.079254310924333549e-01 6.363378774098827906e-01
2.546447346681913193e-01 1.075093745197848172e-01 6.378458908120238080e-01
2.534094266677993090e-01 1.071753646877442456e-01 6.394152086444564453e-01
2.519671507368239083e-01 1.069679755676795629e-01 6.410648736954965843e-01
2.505168970873338785e-01 1.067525021986241995e-01 6.427306007140419775e-01
2.490477085185741069e-01 1.065376577879408870e-01 6.444146336934849506e-01
2.475128046487427014e-01 1.063067831149770992e-01 6.461804122362801994e-01
2.458023748598173741e-01 1.060396693938324697e-01 6.481579557463501562e-01
2.440565482813777387e-01 1.057703024092222499e-01 6.501731493093999559e-01
2.422866519562529297e-01 1.055005943662821188e-01 6.522127536774650070e-01
2.404707752249035102e-01 1.052039308280594554e-01 6.543252939470370899e-01
2.385228178874587712e-01 1.047152587748187980e-01 6.567619233377224308e-01
2.364966601439484339e-01 1.041441957768778348e-01 6.593591440791737313e-01
2.344489463804514950e-01 1.035850575536609863e-01 6.619659960658875741e-01
2.323661418314848515e-01 1.030081964394422567e-01 6.646256617290728919e-01
2.302280151215828075e-01 1.023184165432102777e-01 6.674535683352068594e-01
2.280328266821092797e-01 1.014804277897831675e-01 6.704867455281074973e-01
2.258066741201293359e-01 1.006477587775974625e-01 6.735455671022732016e-01
2.235458565590613955e-01 9.980218463235468462e-02 6.766519588085838643e-01
2.212331650154834017e-01 9.902683293011349530e-02 6.797400020544031030e-01
2.188269033247209339e-01 9.852462102867942662e-02 6.826484756465996950e-01
2.163829392286698017e-01 9.803563049117203221e-02 6.855814302801581661e-01
2.139006486708628918e-01 9.755022661566303821e-02 6.885491247134740700e-01
2.113860745965321364e-01 9.706845693655674623e-02 6.915454684669111174e-01
2.088460720646546642e-01 9.660143865978276789e-02 6.945524892755625679e-01
2.062708628197517657e-01 9.614340551253852674e-02 6.975857316677097630e-01
2.036644979720286797e-01 9.569448579497297214e-02 7.006410162329983482e-01
2.010153933191833331e-01 9.524954952020614485e-02 7.037350571606105776e-01
1.983924159028829237e-01 9.483014608896045416e-02 7.067774380081566221e-01
1.957906926658490310e-01 9.443928140693191864e-02 7.097700259272190504e-01
1.931416695644856407e-01 9.406583085175923564e-02 7.127924995837551236e-01
1.904624020943629925e-01 9.370377445920596848e-02 7.158338234464310945e-01
1.877822605481209162e-01 9.339156676074034102e-02 7.188261726911387983e-01
1.851349686322287247e-01 9.315575830599120977e-02 7.217092730617801211e-01
1.824430203130389394e-01 9.293841097605248791e-02 7.246185687109085727e-01
1.797229836031899453e-01 9.275385458688822915e-02 7.275231618099218256e-01
1.769838059283205811e-01 9.270482082060849116e-02 7.303113732510709832e-01
1.742249808101743458e-01 9.287581824457813440e-02 7.328992009452475198e-01
1.714437668814033366e-01 9.307339255149926771e-02 7.354828405670973401e-01
1.686445555549148656e-01 9.331861633853033577e-02 7.380368281065547986e-01
1.657501160966403098e-01 9.398050638121357991e-02 7.402693775221461658e-01
1.627801548378836616e-01 9.506809386572279141e-02 7.421517512963935470e-01
1.598020307099382586e-01 9.622895067934822411e-02 7.439690186107135172e-01
1.568057766739929249e-01 9.742782858264820156e-02 7.457663947433589291e-01
1.538109086149089810e-01 9.935341020730781292e-02 7.468356811777832061e-01
1.508332286833726776e-01 1.015381820813385794e-01 7.476285892352887430e-01
1.478560834808129720e-01 1.038314359036591750e-01 7.483124806155277975e-01
1.449349179866280535e-01 1.063991642496969758e-01 7.486659177636749707e-01
1.421820120003421395e-01 1.094775568764554396e-01 7.483404311232023653e-01
1.394745492250591967e-01 1.127470500894128813e-01 7.477784006855279220e-01
1.368016328212630639e-01 1.162020888121559903e-01 7.469962783665810013e-01
1.343998693128399258e-01 1.201380725411034245e-01 7.454620581460565942e-01
1.321854076488255814e-01 1.244511888311055081e-01 7.433634035200689105e-01
1.299961419945089292e-01 1.289400239676413706e-01 7.410638340378497002e-01
1.280300445951840782e-01 1.338328126961443321e-01 7.381371427086715897e-01
1.263579946799028297e-01 1.392185134062056129e-01 7.344234919138915574e-01
1.247028576512033138e-01 1.447458101815959353e-01 7.305513321672006954e-01
1.233072593493569347e-01 1.507659406168970762e-01 7.259268000337459892e-01
1.221678836209201258e-01 1.572543911262235250e-01 7.205777252528563492e-01
1.210815729864006540e-01 1.639242296099837626e-01 7.149941974036155834e-01
1.202917838435738074e-01 1.710608424549702189e-01 7.086473737014559182e-01
1.197581721871515126e-01 1.785718378814460383e-01 7.016699899314023936e-01
1.192697427701859270e-01 1.862510781955644124e-01 6.944791790342496052e-01
1.192891272734743491e-01 1.944136119638704141e-01 6.862972607626552923e-01
1.193723501272840326e-01 2.027358600190312110e-01 6.778917898536848119e-01
1.198381388431083994e-01 2.113614435855484253e-01 6.688004175713432309e-01
1.206541337577698991e-01 2.202057658434118936e-01 6.591401003988182072e-01
1.215850538128009917e-01 2.292168245692856043e-01 6.491981216179133485e-01
1.231253681032204450e-01 2.385161949205003573e-01 6.383584369762792532e-01
1.247740895579794174e-01 2.479127038867767752e-01 6.273132065552438075e-01
1.269173426107616520e-01 2.574703695617976962e-01 6.156122878274407073e-01
1.292128042450495506e-01 2.671039675104582845e-01 6.036832282444921649e-01
1.320969940372814788e-01 2.768532282938916955e-01 5.910497776688268257e-01
1.352592200743102380e-01 2.866442058542904014e-01 5.780965740713993606e-01
1.387744971710240249e-01 2.964319885567427981e-01 5.647935142722332325e-01
1.429091111798976854e-01 3.062077564270526686e-01 5.508831323930496460e-01
1.472845750787306063e-01 3.159140382666016933e-01 5.368013866546677004e-01
1.523507179484988594e-01 3.254536936011218629e-01 5.221955884503792777e-01
1.579282551093309506e-01 3.348240956552329672e-01 5.072476492354360822e-01
1.641009230144887254e-01 3.439322254482833907e-01 4.919668515372279116e-01
1.709678636078599545e-01 3.527033502015388677e-01 4.763287861906012055e-01
1.785015748130114044e-01 3.610928425618886717e-01 4.604055826250999517e-01
1.869009770290843142e-01 3.689423848457602517e-01 4.441566381251554896e-01
1.961271807252694122e-01 3.762137961366560646e-01 4.276590231380744678e-01
2.063647608860628979e-01 3.827209765799793884e-01 4.109142625339577415e-01
2.175885370403591867e-01 3.884354119567277053e-01 3.939760510029131080e-01
2.297353163989584168e-01 3.933222082067484582e-01 3.769424753942930972e-01
2.432218026069319361e-01 3.971323935125288251e-01 3.596458038805392388e-01
2.573586025545302469e-01 4.002593500197144660e-01 3.423820474257552315e-01
2.729665139816072617e-01 4.021919988968463144e-01 3.248414871215463684e-01
2.894749937147306218e-01 4.032434009744404468e-01 3.072816053108289314e-01
3.068695296737911082e-01 4.033644199328846325e-01 2.897660503933243148e-01
3.256595734914514706e-01 4.021701803795940666e-01 2.721702461289544073e-01
3.455184200457035448e-01 3.997778588920988252e-01 2.547037210621976300e-01
3.662323245024372009e-01 3.962523396863388836e-01 2.375153358112239710e-01
3.879762617680849734e-01 3.914181877787396013e-01 2.206055504531754530e-01
4.109016855011523583e-01 3.850888965851865242e-01 2.040094179136610619e-01
4.345685261449405146e-01 3.774953368274533982e-01 1.879361370276061427e-01
4.589097627740391649e-01 3.686893729891383975e-01 1.724008642368224653e-01
4.837072313557782000e-01 3.588195243528498057e-01 1.574732442913719388e-01
5.087848378169085306e-01 3.480473220480143626e-01 1.431678401350770236e-01
5.339516945566115114e-01 3.365405890902141151e-01 1.295077163531744568e-01
5.589362696118825857e-01 3.244963117675342401e-01 1.165674186205831742e-01
5.835980836504351954e-01 3.120571600516267585e-01 1.043447562979380600e-01
6.076503536147095375e-01 2.994470326714375741e-01 9.290261371385283296e-02
6.308456915092015560e-01 2.868922519195564735e-01 8.226205657124185944e-02
6.529380511071254389e-01 2.746507987805260065e-01 7.241115011234856846e-02
6.735345308560243272e-01 2.630970887321983920e-01 6.336838041177716985e-02
6.921340747615742917e-01 2.526849364559637934e-01 5.518098878246186639e-02
7.083770361969387030e-01 2.438208101800459771e-01 4.780215362301521581e-02
7.219386801182161584e-01 2.369213925429149992e-01 4.113992733886884939e-02
7.317313333803541209e-01 2.330124499815950934e-01 3.525621663805078576e-02
7.369631414609181252e-01 2.330004548801607456e-01 3.003640365892118469e-02
7.361831377857903647e-01 2.384473312257542332e-01 2.536953098845535007e-02
7.271170945182182654e-01 2.517634300968417671e-01 2.111947538494002297e-02
7.068031970373372941e-01 2.760772072564136037e-01 1.711959570624904670e-02
6.701499069057521574e-01 3.169642080324961420e-01 1.288588506175164516e-02
6.131442085967944156e-01 3.782758538788359992e-01 8.579937524369529722e-03
5.288780901989035277e-01 4.672810585848258258e-01 3.840851216270536363e-03
3.658073548829846033e-01 6.341926451170154522e-01 0.000000000000000000e+00
