1.139125991736747584e-01 8.801922596051460213e-01 5.895141221179179582e-03
9.663957297194107621e-02 8.794188253078508710e-01 2.394160172020809788e-02
8.825816039785668032e-02 8.608243102984407535e-01 5.091752930370253144e-02
8.440160352341116723e-02 8.311977636953720161e-01 8.440063278121678891e-02
8.237349700703988642e-02 7.956081003318710154e-01 1.220184026610891120e-01
8.093396082729059637e-02 7.576990007313650910e-01 1.613670384413443681e-01
7.948659214147998919e-02 7.193706744720302915e-01 2.011427333864896916e-01
7.771177091806096005e-02 6.820317633529568990e-01 2.402564657289820993e-01
7.533947442772256919e-02 6.467592766113322567e-01 2.779012489609451464e-01
7.227742698175709801e-02 6.141052285377659459e-01 3.136173444804769561e-01
6.840498223973098813e-02 5.844040299169050989e-01 3.471909878433639407e-01
6.375019361224279479e-02 5.579142064905912024e-01 3.783355998971659750e-01
5.839089407430955725e-02 5.346060411787884048e-01 4.070030647469020102e-01
5.241787970832162413e-02 5.143573377076189335e-01 4.332247825840593869e-01
4.597232536374137868e-02 4.971482081213656201e-01 4.568794665148930290e-01
3.907978546886312077e-02 4.828116620236498902e-01 4.781085525074870168e-01
3.187707022370486754e-02 4.711867311102029277e-01 4.969361986660922326e-01
2.439760994380124615e-02 4.622318036059561708e-01 5.133705864502425831e-01
1.671081195865359303e-02 4.557244881232085376e-01 5.275646999181378138e-01
8.896891456024624834e-03 4.513844726156470699e-01 5.397186359283283608e-01
1.003527547480287385e-03 4.489928436759813568e-01 5.500036287765384113e-01
6.955045258099368244e-03 4.344316011238442687e-01 5.586133536180564185e-01
1.495424481732848809e-02 4.193036223644628357e-01 5.657421328182087317e-01
2.295766944945631938e-02 4.054735965574339795e-01 5.715687339931097011e-01
3.091758649972331519e-02 3.928380814189300629e-01 5.762443320813466219e-01
3.875609923319972561e-02 3.813527425971157125e-01 5.798911581696846174e-01
4.640125551271195858e-02 3.709997467754755363e-01 5.825989977118125607e-01
5.375492627400624279e-02 3.617220887043384181e-01 5.845229850216553391e-01
6.080795078140055487e-02 3.535393478528783273e-01 5.856527013657211178e-01
6.750847100592527461e-02 3.463445024338411837e-01 5.861470265602335417e-01
7.394123148112735633e-02 3.399370294494825639e-01 5.861217390693900242e-01
8.008099462482298758e-02 3.343480632804323172e-01 5.855709420947446953e-01
8.599800538039553688e-02 3.294019413255571127e-01 5.846000532940472949e-01
9.169155091731356899e-02 3.249994102626121428e-01 5.833090388200743437e-01
9.714921956365552003e-02 3.212179878798043786e-01 5.816327925565401014e-01
1.024584383212616689e-01 3.178116757206492782e-01 5.797298859580890529e-01
1.075820907833410778e-01 3.148236196095151040e-01 5.775942896071437627e-01
1.126011042445407839e-01 3.121057393750403808e-01 5.752931563804187798e-01
1.175060840597527689e-01 3.096277411741827912e-01 5.728661747660644954e-01
1.222867750265215214e-01 3.073304628609496714e-01 5.703827621125288072e-01
1.268836002460417833e-01 3.054548263027923038e-01 5.676615734511658573e-01
1.313181472690023721e-01 3.038091396964378577e-01 5.648727130345597702e-01
1.354377985424403685e-01 3.027360613114680188e-01 5.618261401460916682e-01
1.392982597863225980e-01 3.020578898820365232e-01 5.586438503316408788e-01
1.429586452426775955e-01 3.016638263224198369e-01 5.553775284349026231e-01
1.463487826551493898e-01 3.016793260279678757e-01 5.519718913168827346e-01
1.496348700629802075e-01 3.017836225332242162e-01 5.485815074037955208e-01
1.527359575708761019e-01 3.021549982521286593e-01 5.451090441769952388e-01
1.557316006807985542e-01 3.025904576432416615e-01 5.416779416759597288e-01
1.586182104930821124e-01 3.031209961166888567e-01 5.382607933902290309e-01
1.614729736303495145e-01 3.035894429721734955e-01 5.349375833974769900e-01
1.642697159450164368e-01 3.040506429053950743e-01 5.316796411495884334e-01
1.670425021206654592e-01 3.044052074508398764e-01 5.285522904284947199e-01
1.698026865835871035e-01 3.046452818858800260e-01 5.255520315305328705e-01
1.725464597026370450e-01 3.048076354785745901e-01 5.226459048187883649e-01
1.752416864448076983e-01 3.048340607668047486e-01 5.199242527883874976e-01
1.778682179595895696e-01 3.047512884227907559e-01 5.173804936176197300e-01
1.805086032059286527e-01 3.045085996869953959e-01 5.149827971070759514e-01
1.831317384649451818e-01 3.041910901590123562e-01 5.126771713760424065e-01
1.855869200507886951e-01 3.037715439737918022e-01 5.106415359754195027e-01
1.879503478820820361e-01 3.033192899281125232e-01 5.087303621898054962e-01
1.903594307256349927e-01 3.028115325292363158e-01 5.068290367451286915e-01
1.926757565604964584e-01 3.023202199922969680e-01 5.050040234472065181e-01
1.948494684173998626e-01 3.016659340003660095e-01 5.034845975822341835e-01
1.970171352712689616e-01 3.010832149894934195e-01 5.018996497392376188e-01
1.993840570361734010e-01 3.004948314057189762e-01 5.001211115581075672e-01
2.013969874724890197e-01 2.999607197816727133e-01 4.986422927458382670e-01
2.032699579796980738e-01 2.993844761984471026e-01 4.973455658218547959e-01
2.053447428581945400e-01 2.990660446477015899e-01 4.955892124941038146e-01
2.073151115194826755e-01 2.988263102952433137e-01 4.938585781852740109e-01
2.087212405750596689e-01 2.987722617496680888e-01 4.925064976752722701e-01
2.104217474169820523e-01 2.987165515977279195e-01 4.908617009852900281e-01
2.123249275919983914e-01 2.986485173384928471e-01 4.890265550695087615e-01
2.134093991375655142e-01 2.987733620730439466e-01 4.878172387893905393e-01
2.146641636328121827e-01 2.989821144365019112e-01 4.863537219306858783e-01
2.164062830456788267e-01 2.992717602313121894e-01 4.843219567230089284e-01
2.177169968588791027e-01 2.993689330404649684e-01 4.829140701006559566e-01
2.189715457990403236e-01 2.994574460235509550e-01 4.815710081774087215e-01
2.207300982748558738e-01 2.995258059918468607e-01 4.797440957332972933e-01
2.223799342875792118e-01 2.994981265649308000e-01 4.781219391474899605e-01
2.239394892477626353e-01 2.992876601766139011e-01 4.767728505756234636e-01
2.256055869098305688e-01 2.991485343903805827e-01 4.752458786997888485e-01
2.274149976342510482e-01 2.989766380677993940e-01 4.736083642979496133e-01
2.290433281567817725e-01 2.988024837067969619e-01 4.721541881364212379e-01
2.306472370984984088e-01 2.985578964599537866e-01 4.707948664415478324e-01
2.322302098422670547e-01 2.984568619671852385e-01 4.693129281905477068e-01
2.338214900307113153e-01 2.983449850157875449e-01 4.678335249535011120e-01
2.351527426620773353e-01 2.983889935612834554e-01 4.664582637766391815e-01
2.364547026610122060e-01 2.984370152730085879e-01 4.651082820659792061e-01
2.374757895556039167e-01 2.987964230299837709e-01 4.637277874144122847e-01
2.384330307387318715e-01 2.992359964105364423e-01 4.623309728507317140e-01
2.391743777903348744e-01 2.998543395938620959e-01 4.609712826158030574e-01
2.397751288311625595e-01 3.006144650388532513e-01 4.596104061299842169e-01
2.404115546615671617e-01 3.012815424041007661e-01 4.583069029343320722e-01
2.410239531693313120e-01 3.019245480308697660e-01 4.570514987997989498e-01
2.416396466672236787e-01 3.025207323435590290e-01 4.558396209892173201e-01
2.421930502261779306e-01 3.029788566129081318e-01 4.548280931609139932e-01
2.427588100322506104e-01 3.034708528334673083e-01 4.537703371342821090e-01
2.431811773539482580e-01 3.038895348618639858e-01 4.529292877841877840e-01
2.435929833625470331e-01 3.042607853158127984e-01 4.521462313216401130e-01
2.439636840092697101e-01 3.046885735113477045e-01 4.513477424793825854e-01
2.442862894160988396e-01 3.050249255119636960e-01 4.506887850719374922e-01
2.446053236951792609e-01 3.054134438826210385e-01 4.499812324221997284e-01
2.450818542620329388e-01 3.054573813479175559e-01 4.494607643900494498e-01
2.455105520242230610e-01 3.055561554821630832e-01 4.489332924936139113e-01
2.461486718749797409e-01 3.053695359244914531e-01 4.484817922005288615e-01
2.469245952555960411e-01 3.049079984101192853e-01 4.481674063342847014e-01
2.476951920211740432e-01 3.044539851956675758e-01 4.478508227831584088e-01
2.486399528426093131e-01 3.037871266769649470e-01 4.475729204804257400e-01
2.496261046264719730e-01 3.030188527698429724e-01 4.473550426036850269e-01
2.506226889177786132e-01 3.022584360948992188e-01 4.471188749873221124e-01
2.515281775102012896e-01 3.015466615402151440e-01 4.469251609495836219e-01
2.524032635089847876e-01 3.008767464243546907e-01 4.467199900666604662e-01
2.532552052994649916e-01 3.002190776382195336e-01 4.465257170623154193e-01
2.540085691161071413e-01 2.995716493984876827e-01 4.464197814854052315e-01
2.547458185434743339e-01 2.989147280894060010e-01 4.463394533671197206e-01
2.555007778856734912e-01 2.982569567028851010e-01 4.462422654114414078e-01
2.563867644474330243e-01 2.973577863180926206e-01 4.462554492344742996e-01
2.573125990607120217e-01 2.964437489836212469e-01 4.462436519556667869e-01
2.581939675403754353e-01 2.955480225621978096e-01 4.462580098974266996e-01
2.593317344367523924e-01 2.943975045754796405e-01 4.462707609877680226e-01
2.605400839514696587e-01 2.931669483392069786e-01 4.462929677093234182e-01
2.617033055773817507e-01 2.920106364503242125e-01 4.462860579722940924e-01
2.626858442242008262e-01 2.909359374013738009e-01 4.463782183744254284e-01
2.635918551292913414e-01 2.898989550299653217e-01 4.465091898407432813e-01
2.645112751312816979e-01 2.888660959100255443e-01 4.466226289586928133e-01
2.655917111072543246e-01 2.877232301994041563e-01 4.466850586933415190e-01
2.669488869226497307e-01 2.864143647754476829e-01 4.466367483019025864e-01
2.682921375701147193e-01 2.851582739732914096e-01 4.465495884565938711e-01
2.696329612575775192e-01 2.838706580993944906e-01 4.464963806430279902e-01
2.704360202026512283e-01 2.827450540886695673e-01 4.468189257086792043e-01
2.713430054742982378e-01 2.815792587382314194e-01 4.470777357874703428e-01
2.722186657442752233e-01 2.804275604726919058e-01 4.473537737830329264e-01
2.733103206065778945e-01 2.791943655387091328e-01 4.474953138547129172e-01
2.745863958111069980e-01 2.779070576160663775e-01 4.475065465728266245e-01
2.758630663012878736e-01 2.766105951109906202e-01 4.475263385877215061e-01
2.771633438349117018e-01 2.753420452951711450e-01 4.474946108699172087e-01
2.774996586289883438e-01 2.741762226812316516e-01 4.483241186897800601e-01
2.776473658132483369e-01 2.729409911620441775e-01 4.494116430247074856e-01
2.777716682915071233e-01 2.717346923794238256e-01 4.504936393290691066e-01
2.780338003918343404e-01 2.705406217837995619e-01 4.514255778243660422e-01
2.791251135847041542e-01 2.689699662106483924e-01 4.519049202046474534e-01
2.804055096361398602e-01 2.673087479620454010e-01 4.522857424018146832e-01
2.816777052757435396e-01 2.656552341583353627e-01 4.526670605659211533e-01
2.826275275172883128e-01 2.642295697000287547e-01 4.531429027826828770e-01
2.824782230670897509e-01 2.636030281522590002e-01 4.539187487806511934e-01
2.822112172408078878e-01 2.630538415312263512e-01 4.547349412279657610e-01
2.819628606400703674e-01 2.624928263471826284e-01 4.555443130127470597e-01
2.817922260346490404e-01 2.618641812312079153e-01 4.563435927341429887e-01
2.823339539268658882e-01 2.605755780651555220e-01 4.570904680079785898e-01
2.831372595913779211e-01 2.590623444318520541e-01 4.578003959767700248e-01
2.839283048662857301e-01 2.575568517775284061e-01 4.585148433561858639e-01
2.847448672646368806e-01 2.560237084482852588e-01 4.592314242870778607e-01
2.851776599572342086e-01 2.545814703438720183e-01 4.602408696988937731e-01
2.850493765959219994e-01 2.533223242649250695e-01 4.616282991391529866e-01
2.849835199129621133e-01 2.520287698925288700e-01 4.629877101945090168e-01
2.849034570858076654e-01 2.507256809109089657e-01 4.643708620032833134e-01
2.849427705690616985e-01 2.493245073917118582e-01 4.657327220392264988e-01
2.855037618023194002e-01 2.475327179018235180e-01 4.669635202958570819e-01
2.861529542185986541e-01 2.456597512965460473e-01 4.681872944848553542e-01
2.868061624822490496e-01 2.437613839028893725e-01 4.694324536148616334e-01
2.874600242179108367e-01 2.418330737228422400e-01 4.707069020592469788e-01
2.876666328292279973e-01 2.401050071185349966e-01 4.722283600522370617e-01
2.874578405320999952e-01 2.385811911405022467e-01 4.739609683273978136e-01
2.872878623047186997e-01 2.370127076850386816e-01 4.756994300102426187e-01
2.871097976342203983e-01 2.354112831622140467e-01 4.774789192035656105e-01
2.870577150063108318e-01 2.337538574215866083e-01 4.791884275721025044e-01
2.871758647005663301e-01 2.322545422908605106e-01 4.805695930085732148e-01
2.872422822328025704e-01 2.307850806563670476e-01 4.819726371108303820e-01
2.873083992202829506e-01 2.292966966543250606e-01 4.833949041253920442e-01
2.874498457636762705e-01 2.276782928813234630e-01 4.848718613550002665e-01
2.873050845747894821e-01 2.262999591819070400e-01 4.863949562433035334e-01
2.870146270864014637e-01 2.250483060012090641e-01 4.879370669123894722e-01
2.867058538532926137e-01 2.238048097635817468e-01 4.894893363831256949e-01
2.864506010451441931e-01 2.224296255960367397e-01 4.911197733588190673e-01
2.860750389513921910e-01 2.212853214739274321e-01 4.926396395746804324e-01
2.854902999300486521e-01 2.205703310180300303e-01 4.939393690519212621e-01
2.849227463482464362e-01 2.197814937113835576e-01 4.952957599403700617e-01
2.843324420776721650e-01 2.189957840557023028e-01 4.966717738666255877e-01
2.837567536310925398e-01 2.181845917301976634e-01 4.980586546387098523e-01
2.833216749072982599e-01 2.173026097591972405e-01 4.993757153335044441e-01
2.828775007186773438e-01 2.164280723221537750e-01 5.006944269591688812e-01
2.823909962889502578e-01 2.155841942288304613e-01 5.020248094822192808e-01
2.819424693658794667e-01 2.146601384108877131e-01 5.033973922232327647e-01
2.817875124145323151e-01 2.134006714272542737e-01 5.048118161582134666e-01
2.818934337975497195e-01 2.118345087884315747e-01 5.062720574140187058e-01
2.819642403152304300e-01 2.102537776966488803e-01 5.077819819881207453e-01
2.820459420823734353e-01 2.086405432008636707e-01 5.093135147167628940e-01
2.821031517029564117e-01 2.070770505840684450e-01 5.108197977129751433e-01
2.820769743910536143e-01 2.056990688018847102e-01 5.122239568070616755e-01
2.820855788332268244e-01 2.042294225327225821e-01 5.136849986340505936e-01
2.820951797561629948e-01 2.027280597789076211e-01 5.151767604649294396e-01
2.820785117709114220e-01 2.012644346092269387e-01 5.166570536198616947e-01
2.819678057361589274e-01 2.001289031074642288e-01 5.179032911563768993e-01
2.818284668803185955e-01 1.990852472392139472e-01 5.190862858804674573e-01
2.816891773745360816e-01 1.980103399357866500e-01 5.203004826896772128e-01
2.815470498634133900e-01 1.969133857026459378e-01 5.215395644339406722e-01
2.814222034398703998e-01 1.958594345006807735e-01 5.227183620594487712e-01
2.813115606475500297e-01 1.948894732064008206e-01 5.237989661460491497e-01
2.811965226871454560e-01 1.938861653320914646e-01 5.249173119807630794e-01
2.810798553516636322e-01 1.928646593912228813e-01 5.260554852571134310e-01
2.809374711468284880e-01 1.918193181143998949e-01 5.272432107387715616e-01
2.807135946708383401e-01 1.907547911507758709e-01 5.285316141783857891e-01
2.804869885293027054e-01 1.896703227149760806e-01 5.298426887557211584e-01
2.802535579245545305e-01 1.885615118568647608e-01 5.311849302185807087e-01
2.800146785002728400e-01 1.874251048412460818e-01 5.325602166584810782e-01
2.797491630178556843e-01 1.862933734995730894e-01 5.339574634825712263e-01
2.794571548096487779e-01 1.851743468800577386e-01 5.353684983102934281e-01
2.791540407692049697e-01 1.840370505583925897e-01 5.368089086724024961e-01
2.788563659840743170e-01 1.828577004714313503e-01 5.382859335444943882e-01
2.785780012450726484e-01 1.816534019348245987e-01 5.397685968201028084e-01
2.783324127147623894e-01 1.804486602469581591e-01 5.412189270382794515e-01
2.780935850748778027e-01 1.792015440046828001e-01 5.427048709204393973e-01
2.778366715123253283e-01 1.779422651116087106e-01 5.442210633760659055e-01
2.775733235785652342e-01 1.766726169829017090e-01 5.457540594385330568e-01
2.773753541749519047e-01 1.754882277371578869e-01 5.471364180878902639e-01
2.771765646325126675e-01 1.742915680686969448e-01 5.485318672987903321e-01
2.769805963830681561e-01 1.730680005088730544e-01 5.499514031080587895e-01
2.767859011320685791e-01 1.718170126629730010e-01 5.513970862049584198e-01
2.767387874399284131e-01 1.705458395621347600e-01 5.527153729979368268e-01
2.768049965746414709e-01 1.692570345770683105e-01 5.539379688482902742e-01
2.768403517002022696e-01 1.679724396009389942e-01 5.551872086988587363e-01
2.768917156540587898e-01 1.666428364724451550e-01 5.564654478734960552e-01
2.770617054798866774e-01 1.652432519982720560e-01 5.576950425218413221e-01
2.776212953867068234e-01 1.636849841478722478e-01 5.586937204654208733e-01
2.781300079850047569e-01 1.621172454996407941e-01 5.597527465153544490e-01
2.786554246577461758e-01 1.605207663480172631e-01 5.608238089942365612e-01
2.792110237822756358e-01 1.589003523270156037e-01 5.618886238907087050e-01
2.797838720080212394e-01 1.574994521294112992e-01 5.627166758625674614e-01
2.803766187941699739e-01 1.560365606921502168e-01 5.635868205136798093e-01
2.809812650246480414e-01 1.545366547971441795e-01 5.644820801782077790e-01
2.815962833214372685e-01 1.530228494031534714e-01 5.653808672754092601e-01
2.822028620856351089e-01 1.516453651922686774e-01 5.661517727220962692e-01
2.828227593951720964e-01 1.502950729662925200e-01 5.668821676385353836e-01
2.834565315170947120e-01 1.489125652313656456e-01 5.676309032515396424e-01
2.841011104260524611e-01 1.475094800597451794e-01 5.683894095142023595e-01
2.847074114785448917e-01 1.461664773167423714e-01 5.691261112047126813e-01
2.851430616885695102e-01 1.451120217683159463e-01 5.697449165431145435e-01
2.856051109961418866e-01 1.440108156593526978e-01 5.703840733445054711e-01
2.860669550533507244e-01 1.428991587139971653e-01 5.710338862326521658e-01
2.865420517073736795e-01 1.417634195483398196e-01 5.716945287442865009e-01
2.868077981496642836e-01 1.406715032066500060e-01 5.725206986436857104e-01
2.870454254683913464e-01 1.395844469405205235e-01 5.733701275910881856e-01
2.872837408798363801e-01 1.384822804586622880e-01 5.742339786615012764e-01
2.875435212974895571e-01 1.373357321564876443e-01 5.751207465460227430e-01
2.876713666646318890e-01 1.363170523227784647e-01 5.760115810125896463e-01
2.876971024457393722e-01 1.354070169425714010e-01 5.768958806116891713e-01
2.877332573947731786e-01 1.344863477956298459e-01 5.777803948095969755e-01
2.877662451046558711e-01 1.335329377287648445e-01 5.787008171665792844e-01
2.877388326294780807e-01 1.326351485541210629e-01 5.796260188164008564e-01
2.875316826699286787e-01 1.319677556508137561e-01 5.805005616792575651e-01
2.873423886087468349e-01 1.312613978850279972e-01 5.813962135062251679e-01
2.871340278791766343e-01 1.305561877515918345e-01 5.823097843692315312e-01
2.869248114679758821e-01 1.298454270075128925e-01 5.832297615245112254e-01
2.864548812599569949e-01 1.291521562807087520e-01 5.843929624593342531e-01
2.859736272882368313e-01 1.284499255587939759e-01 5.855764471529691928e-01
2.854804628764538998e-01 1.277375736203837375e-01 5.867819635031623626e-01
2.849730682173270968e-01 1.270142458955849651e-01 5.880126858870878825e-01
2.845926062675873669e-01 1.262483994097081119e-01 5.891589943227045767e-01
2.842708868635741015e-01 1.254619985867655441e-01 5.902671145496604099e-01
2.839232297876247424e-01 1.247002592621951900e-01 5.913765109501800676e-01
2.835859692096479034e-01 1.239065179240956827e-01 5.925075128662563584e-01
2.832090769408277531e-01 1.230673811618603342e-01 5.937235418973119128e-01
2.827551379341363691e-01 1.221722914012155492e-01 5.950725706646481372e-01
2.823047072588620310e-01 1.212558174635711694e-01 5.964394752775667996e-01
2.818522101168983163e-01 1.203219731020552796e-01 5.978258167810464041e-01
2.812998809860041693e-01 1.195407044367784444e-01 5.991594145772173308e-01
2.805973246392423071e-01 1.190103921914680285e-01 6.003922831692897200e-01
2.798972867087121119e-01 1.184630559938344430e-01 6.016396572974535006e-01
2.792012907938019040e-01 1.179194543877470913e-01 6.028792548184510602e-01
2.782825699065409331e-01 1.173762093787515948e-01 6.043412207147075277e-01
2.772094129864610124e-01 1.168180171570152304e-01 6.059725698565238128e-01
2.761204011279051462e-01 1.162573164551751193e-01 6.076222824169197345e-01
2.750195935069512099e-01 1.156772145027609167e-01 6.093031919902879290e-01
2.738906144421160982e-01 1.152332219490190823e-01 6.108761636088647640e-01
2.727458476581062774e-01 1.148863230927602563e-01 6.123678292491334663e-01
2.715860613379393329e-01 1.145353431274118705e-01 6.138785955346487411e-01
2.704154493244000923e-01 1.141889045535843250e-01 6.153956461220155827e-01
2.691460984905554299e-01 1.138185107424556364e-01 6.170353907669888782e-01
2.677687278721929132e-01 1.134195946932148313e-01 6.188116774345923110e-01
2.663726991752056739e-01 1.130206674899266739e-01 6.206066333348676523e-01
2.649623869731592141e-01 1.126196524613500838e-01 6.224179605654907022e-01
2.635120573666918653e-01 1.122446096061877618e-01 6.242433330271203173e-01
2.619956789944283271e-01 1.119120485445602720e-01 6.260922724610114010e-01
2.604526840708254465e-01 1.115802300234183253e-01 6.279670859057562282e-01
2.588852598652611747e-01 1.112482791281221850e-01 6.298664610066165848e-01
2.573083613068529729e-01 1.109093922653330289e-01 6.317822464278139982e-01
2.557610311263437408e-01 1.105255996833286458e-01 6.337133691903276134e-01
2.542171989507164276e-01 1.101397953520359962e-01 6.356430056972476317e-01
2.526510862223475540e-01 1.097574831845796739e-01 6.375914305930727721e-01
2.510523944094973370e-01 1.093608536085881600e-01 6.395867519819145031e-01
2.494413760786072243e-01 1.090746756806584283e-01 6.414839482407342919e-01
2.478229591489540806e-01 1.088892910034231498e-01 6.432877498476227141e-01
2.461925530948045893e-01 1.087000466995695636e-01 6.451074002056258472e-01
2.445362878824353103e-01 1.085098451336117265e-01 6.469538669839529632e-01
2.427744931264173012e-01 1.083746157132516874e-01 6.488508911603310114e-01
2.408245681531533955e-01 1.083572732503921277e-01 6.508181585964544213e-01
2.388469277695252080e-01 1.083449253079150632e-01 6.528081469225597289e-01
2.368407284519931100e-01 1.083433975391552284e-01 6.548158740088516616e-01
2.347943928926237156e-01 1.083439935934911169e-01 6.568616135138851675e-01
2.326587929169755542e-01 1.083039263752970660e-01 6.590372807077273798e-01
2.304765688514319177e-01 1.082570402398752574e-01 6.612663909086927694e-01
2.282622870740098064e-01 1.082221009275177170e-01 6.635156119984725320e-01
2.260202380808313816e-01 1.082006042178302874e-01 6.657791577013383311e-01
2.237292264199084446e-01 1.082035614496710263e-01 6.680672121304205291e-01
2.213897640412080814e-01 1.082333932168946244e-01 6.703768427418973497e-01
2.190266895583279361e-01 1.082937357045696825e-01 6.726795747371023815e-01
2.166352517257539856e-01 1.083591791990659026e-01 6.750055690751800563e-01
2.141696325862070260e-01 1.085351169450925468e-01 6.772952504687004271e-01
2.115554815798221799e-01 1.089564045288846650e-01 6.794881138912931551e-01
2.089246982864046975e-01 1.094025009949527449e-01 6.816728007186425575e-01
2.062669563127320638e-01 1.098790715024965392e-01 6.838539721847713970e-01
2.035549585781731841e-01 1.104509333150857087e-01 6.859941081067411073e-01
2.007213503640761232e-01 1.113654357011617524e-01 6.879132139347621244e-01
1.978638030893254407e-01 1.123372001070697124e-01 6.897989968036047914e-01
1.949756792329412902e-01 1.133709240064697532e-01 6.916533967605890121e-01
1.920543676338613559e-01 1.145065155743369978e-01 6.934391167918015908e-01
1.890153827927298913e-01 1.162315021862789788e-01 6.947531150209911299e-01
1.859623850320556993e-01 1.180398338084922560e-01 6.959977811594521002e-01
1.828931606402612320e-01 1.199375324736491333e-01 6.971693068860896902e-01
1.798159371267924467e-01 1.219336906458201586e-01 6.982503722273873947e-01
1.769088580081223383e-01 1.243009609276015670e-01 6.987901810642761502e-01
1.739863281266693096e-01 1.267535345330026431e-01 6.992601373403281029e-01
1.710608763070210481e-01 1.293065180947422510e-01 6.996326055982367009e-01
1.682590009240469975e-01 1.320645672962188488e-01 6.996764317797341537e-01
1.656773789393706786e-01 1.350972182869265570e-01 6.992254027737027089e-01
1.631165726612389122e-01 1.382521376664374024e-01 6.986312896723236854e-01
1.605330222760504855e-01 1.415212213956539289e-01 6.979457563282955856e-01
1.583621079276721910e-01 1.451462744287970175e-01 6.964916176435308470e-01
1.563132851312681870e-01 1.489591049301494108e-01 6.947276099385824022e-01
1.542771165079733775e-01 1.529197094485988950e-01 6.928031740434277275e-01
1.524771143886852198e-01 1.571403611779318421e-01 6.903825244333828826e-01
1.510163596364406113e-01 1.616836179806209195e-01 6.873000223829385247e-01
1.496096711595596429e-01 1.664027581872553618e-01 6.839875706531849398e-01
1.483086349538231818e-01 1.713384262854933393e-01 6.803529387606834788e-01
1.473759158239066891e-01 1.767871384557457848e-01 6.758369457203475816e-01
1.465259566492138621e-01 1.824230933441941538e-01 6.710509500065919841e-01
1.457423835552409952e-01 1.882186338212139542e-01 6.660389826235451061e-01
1.454538181848386014e-01 1.945070667521201502e-01 6.600391150630412485e-01
1.451942650364095866e-01 2.009358656267783427e-01 6.538698693368120152e-01
1.452269473034712433e-01 2.075461322973115585e-01 6.472269203992172537e-01
1.458155742654805853e-01 2.143365416372264853e-01 6.398478840972929849e-01
1.465216764296586871e-01 2.212632981918580821e-01 6.322150253784831753e-01
1.476524242503653994e-01 2.283754405835143331e-01 6.239721351661202675e-01
1.493005045509213091e-01 2.356649184741959058e-01 6.150345769748827296e-01
1.510433788454066395e-01 2.430659707315812046e-01 6.058906504230121559e-01
1.534302847117869351e-01 2.506842632230605883e-01 5.958854520651524211e-01
1.559368991648988345e-01 2.583816701171952612e-01 5.856814307179059043e-01
1.590207803242806861e-01 2.661492072853115509e-01 5.748300123904077630e-01
1.623450703146613328e-01 2.739665005768470163e-01 5.636884291084917065e-01
1.662979674729009316e-01 2.817134584633386174e-01 5.519885740637604510e-01
1.705320016894560364e-01 2.894233205382676921e-01 5.400446777722762715e-01
1.753511124535020449e-01 2.969906332633172052e-01 5.276582542831808054e-01
1.806213917615180908e-01 3.044506822228618681e-01 5.149279260156199856e-01
1.864838259758199723e-01 3.117257165351794423e-01 5.017904574890005298e-01
1.927855767561739153e-01 3.188252353924048155e-01 4.883891878514212692e-01
1.997766456705579452e-01 3.256339194387033453e-01 4.745894348907387372e-01
2.071904841965944988e-01 3.322141566672703883e-01 4.605953591361350852e-01
2.152863126257981985e-01 3.384325602321152093e-01 4.462811271420866199e-01
2.237791293979826956e-01 3.443092480708356273e-01 4.319116225311817048e-01
2.331056675114691612e-01 3.496242531427626865e-01 4.172700793457680968e-01
2.427792868061909304e-01 3.545276507453576365e-01 4.026930624484513777e-01
2.533520390905015240e-01 3.587077848173836347e-01 3.879401760921148967e-01
2.643119428510010138e-01 3.623787923771766284e-01 3.733092647718223578e-01
2.763030958360808143e-01 3.651146507734124302e-01 3.585822533905068110e-01
2.887884285328568557e-01 3.672152428117976264e-01 3.439963286553455735e-01
3.021816878348927427e-01 3.683538611868482082e-01 3.294644509782590491e-01
3.163322487337014710e-01 3.685983543841584442e-01 3.150693968821401403e-01
3.310403729832948061e-01 3.680857774409521666e-01 3.008738495757530274e-01
3.467118936447860511e-01 3.665045625220950676e-01 2.867835438331188258e-01
3.628480859090337241e-01 3.642325845547560448e-01 2.729193295362101757e-01
3.795620825789730590e-01 3.611709996561122127e-01 2.592669177649147838e-01
3.970824123440683251e-01 3.571831660071221881e-01 2.457344216488094590e-01
4.151162585147518680e-01 3.524668565921158514e-01 2.324168848931322806e-01
4.335212606840297411e-01 3.470814078456336826e-01 2.193973314703366040e-01
4.522714104550947800e-01 3.410530736869376023e-01 2.066755158579676455e-01
4.714505781499034320e-01 3.343428010274065443e-01 1.942066208226899682e-01
4.908175035225909588e-01 3.271353481428036503e-01 1.820471483346054187e-01
5.102146053046456853e-01 3.195945430475579663e-01 1.701908516477964040e-01
5.294287394832235538e-01 3.118744732274494336e-01 1.586967872893270959e-01
5.483840748532617937e-01 3.040748449506720519e-01 1.475410801960662099e-01
5.669958413559534893e-01 2.963052760156223986e-01 1.366988826284241121e-01
5.850209454775391338e-01 2.887345842492855530e-01 1.262444702731753132e-01
6.024718345096689021e-01 2.814507632011353788e-01 1.160774022891956636e-01
6.191390086330427200e-01 2.746115428259318092e-01 1.062494485410253736e-01
6.349450579027530184e-01 2.683185286642876255e-01 9.673641343295937001e-02
6.496971866856122713e-01 2.627235213888652332e-01 8.757929192552238451e-02
6.632595663803824149e-01 2.579552395358268857e-01 7.878519408379079658e-02
6.754252995709733032e-01 2.542357458620216892e-01 7.033895456700502147e-02
6.858328052721838208e-01 2.519024163806093952e-01 6.226477834720683252e-02
6.938038101658925427e-01 2.515645615730408569e-01 5.463162826106655184e-02
6.985067352130647222e-01 2.540157272448881898e-01 4.747753754204709492e-02
6.992326942508585441e-01 2.600579511534898414e-01 4.070935459565162146e-02
6.940485344754920849e-01 2.715129726570821855e-01 3.443849286742579202e-02
6.808806900253192573e-01 2.907053784499273874e-01 2.841393152475335526e-02
6.560044003803238155e-01 3.212559170987574486e-01 2.273968252091873934e-02
6.143115375474849094e-01 3.688206458595498782e-01 1.686781659296531996e-02
5.504111728023625139e-01 4.386420338822195619e-01 1.094679331541787044e-02
4.597301964932477558e-01 5.353348093084977499e-01 4.934994198254549769e-03
2.863189743172779855e-01 7.136810256827219590e-01 0.000000000000000000e+00
