8.917000511440706378e-02 9.040430031971209424e-01 6.786991688472022478e-03
1.001122610934978979e-01 8.713806985980985242e-01 2.850704030840356742e-02
1.146120764534781789e-01 8.243237984581280875e-01 6.106412508839376835e-02
1.257356188436934419e-01 7.728376147981058653e-01 1.014267663582007206e-01
1.324674015611547739e-01 7.214190286503902039e-01 1.461135697884550222e-01
1.352094233636235709e-01 6.727596430547730932e-01 1.920309335816033081e-01
1.346153848564366484e-01 6.281099165402177498e-01 2.372746986033456296e-01
1.312728302618098308e-01 5.883765244629284297e-01 2.803506452752617117e-01
1.256108469510038850e-01 5.540641468591227525e-01 3.203250061898733625e-01
1.180689048843189259e-01 5.252627355261429987e-01 3.566683595895381309e-01
1.088928943139178540e-01 5.018842879505094334e-01 3.892228177355726570e-01
9.842388093992993081e-02 4.835234347867070070e-01 4.180526842733630621e-01
8.698989592960590378e-02 4.696965974069781113e-01 4.433135066634160126e-01
7.489718530601074953e-02 4.597916389808485160e-01 4.653111757131407344e-01
6.237585269020823331e-02 4.532589995165554608e-01 4.843651477932363614e-01
4.962107496887879776e-02 4.496478772922907208e-01 5.007310477388304815e-01
3.679065654450758283e-02 4.484365347459164930e-01 5.147728087095758687e-01
2.397007430653530502e-02 4.493342131683043528e-01 5.266957125251603422e-01
1.128313470157932263e-02 4.520159452131231603e-01 5.367009200852975725e-01
1.172435548968897567e-03 4.537900807729131625e-01 5.450374836781178844e-01
1.335173633559672002e-02 4.347102708777935698e-01 5.519379927866097102e-01
2.521310704794543778e-02 4.171983385608616368e-01 5.575885543911929254e-01
3.669492862896772678e-02 4.011699137833635298e-01 5.621351575876687434e-01
4.770705163567473539e-02 3.865972275320206375e-01 5.656957208323046826e-01
5.817105642531034126e-02 3.734564316331649980e-01 5.683725119415246052e-01
6.810572609672099764e-02 3.615794237122664789e-01 5.703148501910125789e-01
7.757238795151655264e-02 3.507717304293670457e-01 5.716558816191164016e-01
8.655345186665347468e-02 3.410050414364793614e-01 5.724415066968671084e-01
9.507405807756735827e-02 3.321412169731121633e-01 5.727847249493204229e-01
1.032204151613523857e-01 3.241264497526230581e-01 5.726531350860245562e-01
1.110307083295473118e-01 3.167935792329917843e-01 5.721757124374609038e-01
1.186277639128978101e-01 3.099043403733428015e-01 5.714678957137594439e-01
1.258286810468012273e-01 3.038199938965245872e-01 5.703513250566741855e-01
1.327023755047619935e-01 2.981468081904534717e-01 5.691508163047845903e-01
1.391584061133773753e-01 2.930450110809664777e-01 5.677965828056561470e-01
1.451744593445666309e-01 2.885433444589032836e-01 5.662821961965300854e-01
1.508515853557412245e-01 2.844257228770183943e-01 5.647226917672404367e-01
1.560611432744160032e-01 2.808939185741611277e-01 5.630449381514228691e-01
1.609515502526274733e-01 2.777481565725119506e-01 5.613002931748606317e-01
1.654830442959492331e-01 2.751053402721195251e-01 5.594116154319312972e-01
1.695859478521868913e-01 2.730499449281054147e-01 5.573641072197076385e-01
1.732583669125467574e-01 2.717024376405956509e-01 5.550391954468575362e-01
1.764624154318939486e-01 2.710680875407720514e-01 5.524694970273339445e-01
1.793946641671582132e-01 2.707943583603148463e-01 5.498109774725269405e-01
1.820700076074782681e-01 2.706884190528385803e-01 5.472415733396831516e-01
1.844901358230631727e-01 2.709285296968168000e-01 5.445813344801200273e-01
1.867413924966877525e-01 2.711785645308253390e-01 5.420800429724869085e-01
1.888040439615863431e-01 2.716596579186326688e-01 5.395362981197809882e-01
1.907201201919443978e-01 2.722917028396452110e-01 5.369881769684103912e-01
1.925065476733686665e-01 2.730404973096174359e-01 5.344529550170139531e-01
1.941697334220772730e-01 2.739459197123048639e-01 5.318843468656179185e-01
1.956593239671323703e-01 2.750222222945168937e-01 5.293184537383507360e-01
1.969823128809230495e-01 2.762819719225325654e-01 5.267357151965443851e-01
1.981936094599530129e-01 2.776542625899391936e-01 5.241521279501077935e-01
1.992839210827846985e-01 2.789987394372989149e-01 5.217173394799163866e-01
2.003680826229440326e-01 2.800682148232193081e-01 5.195637025538366593e-01
2.015451205921014455e-01 2.808369129335894776e-01 5.176179664743090214e-01
2.026107590751848320e-01 2.817537556502760498e-01 5.156354852745391737e-01
2.036815317855499297e-01 2.824940234047758070e-01 5.138244448096742634e-01
2.046374272062782551e-01 2.835041142659455726e-01 5.118584585277762278e-01
2.055461797953261338e-01 2.844894264413990737e-01 5.099643937632748480e-01
2.062474493689385735e-01 2.858311799064285896e-01 5.079213707246328369e-01
2.068582968781835785e-01 2.872744158497819722e-01 5.058672872720344493e-01
2.076580950503834067e-01 2.884548089309539876e-01 5.038870960186626613e-01
2.084232422632118498e-01 2.897127987124349380e-01 5.018639590243532123e-01
2.089819742909413136e-01 2.912000773375771345e-01 4.998179483714815796e-01
2.097918396508603178e-01 2.922986297182341708e-01 4.979095306309055391e-01
2.109199544784174651e-01 2.929047395587097702e-01 4.961753059628727924e-01
2.114496656574211542e-01 2.941444930718463135e-01 4.944058412707325600e-01
2.118765190543171195e-01 2.953949591919118323e-01 4.927285217537710760e-01
2.128825059708765732e-01 2.955127894396465393e-01 4.916047045894768597e-01
2.136707275195334488e-01 2.962589348096174025e-01 4.900703376708491210e-01
2.140832151849701992e-01 2.979285200558682289e-01 4.879882647591615719e-01
2.152514614460012687e-01 2.975056876991959420e-01 4.872428508548027892e-01
2.160698546420310728e-01 2.976766564109504243e-01 4.862534889470185306e-01
2.162748521103043664e-01 2.990790477684324156e-01 4.846461001212632458e-01
2.171932434088988118e-01 2.990129791402658110e-01 4.837937774508353495e-01
2.181689525777868732e-01 2.987521766194362050e-01 4.830788708027769496e-01
2.185693252696288003e-01 2.994593959202127564e-01 4.819712788101584433e-01
2.190817819941230649e-01 2.999020523108935077e-01 4.810161656949834552e-01
2.197128435305265581e-01 3.000467796804089371e-01 4.802403767890645048e-01
2.200282789582560516e-01 3.008183659877285976e-01 4.791533550540153508e-01
2.202173988618480738e-01 3.018105676877897992e-01 4.779720334503621548e-01
2.206451088118308590e-01 3.024618903443818674e-01 4.768930008437872736e-01
2.211625906110479822e-01 3.029730326626920434e-01 4.758643767262599189e-01
2.217493354792259563e-01 3.035153116688391606e-01 4.747353528519348553e-01
2.224808149925388834e-01 3.038157062475751458e-01 4.737034787598859986e-01
2.232227644984833281e-01 3.039141431801165583e-01 4.728630923214001136e-01
2.239840391055023527e-01 3.039302680295383752e-01 4.720856928649592721e-01
2.245933977264307213e-01 3.041411341363116083e-01 4.712654681372576704e-01
2.252154900347171917e-01 3.043078263487482005e-01 4.704766836165346078e-01
2.259334215440980120e-01 3.042668157249218686e-01 4.697997627309801194e-01
2.266736588658270768e-01 3.041528978536134353e-01 4.691734432805594324e-01
2.274203726165187900e-01 3.040461021408092934e-01 4.685335252426719443e-01
2.281085884165019451e-01 3.039065556401785440e-01 4.679848559433195110e-01
2.287512257666544924e-01 3.038528659493682227e-01 4.673959082839773127e-01
2.292546990438419641e-01 3.039878067991614863e-01 4.667574941569965774e-01
2.297376638124422610e-01 3.041661786608274021e-01 4.660961575267302814e-01
2.302210970021221492e-01 3.044825448646257815e-01 4.652963581332520415e-01
2.306644567459395778e-01 3.048371210083981042e-01 4.644984222456623457e-01
2.310568147964577879e-01 3.052318397298008357e-01 4.637113454737413765e-01
2.314271699820652783e-01 3.056637038133870332e-01 4.629091262045476607e-01
2.318152173260284998e-01 3.061083679338195696e-01 4.620764147401519306e-01
2.323640455658675386e-01 3.064911554414019301e-01 4.611447989927305313e-01
2.329601290178555939e-01 3.068090236185632147e-01 4.602308473635811636e-01
2.338330971920139778e-01 3.065748934699528139e-01 4.595920093380331806e-01
2.348337591572421668e-01 3.060733989450290515e-01 4.590928418977287540e-01
2.358546668649318945e-01 3.055806045633260304e-01 4.585647285717421306e-01
2.366304858049961268e-01 3.052079877369098249e-01 4.581615264580940483e-01
2.374585581095853826e-01 3.048232261483567740e-01 4.577182157420578434e-01
2.383184455399413870e-01 3.042117264733439352e-01 4.574698279867147055e-01
2.391614008425883564e-01 3.032822703365309902e-01 4.575563288208807089e-01
2.400153735340634087e-01 3.022978681140697788e-01 4.576867583518668403e-01
2.408316727939544266e-01 3.014060954170841855e-01 4.577622317889614156e-01
2.415799548901564064e-01 3.005864724820167533e-01 4.578335726278268125e-01
2.423035604248199304e-01 2.997807870327887647e-01 4.579156525423913049e-01
2.431347556399681975e-01 2.986174202809638301e-01 4.582478240790680002e-01
2.442101995608616238e-01 2.970045736970725603e-01 4.587852267420658436e-01
2.452996434872308784e-01 2.953673948398066740e-01 4.593329616729624476e-01
2.462602468354136709e-01 2.940000651306232671e-01 4.597396880339630898e-01
2.470979718820734972e-01 2.929341910484953848e-01 4.599678370694311180e-01
2.479479642479575086e-01 2.919214709319859491e-01 4.601305648200565424e-01
2.487448477922533374e-01 2.908140238275043199e-01 4.604411283802423704e-01
2.494122963500928214e-01 2.896630773292856453e-01 4.609246263206214778e-01
2.500820192503715456e-01 2.885851341134780812e-01 4.613328466361503732e-01
2.507620414973209533e-01 2.875488486779738118e-01 4.616891098247051795e-01
2.515006543382364845e-01 2.865264300472969428e-01 4.619729156144666282e-01
2.522519373038356605e-01 2.854806083234272540e-01 4.622674543727371410e-01
2.530021765972026992e-01 2.845039840117319363e-01 4.624938393910653645e-01
2.540442634704570546e-01 2.830436147270388725e-01 4.629121218025040729e-01
2.551639109216524703e-01 2.813675827286891140e-01 4.634685063496584156e-01
2.562652687873857582e-01 2.796606929226722604e-01 4.640740382899419814e-01
2.572543521623548157e-01 2.781204063908678803e-01 4.646252414467773040e-01
2.579027989780726116e-01 2.770009461578439858e-01 4.650962548640834582e-01
2.585289098776549777e-01 2.759066454251745126e-01 4.655644446971705652e-01
2.591350583370177763e-01 2.748690778587414840e-01 4.659958638042407397e-01
2.600911865175083992e-01 2.730480717087307996e-01 4.668607417737607457e-01
2.613389855724271849e-01 2.705665419919961456e-01 4.680944724355766140e-01
2.625411465807788725e-01 2.681564386855367355e-01 4.693024147336844476e-01
2.637178244573953889e-01 2.658351860480303586e-01 4.704469894945743080e-01
2.645350924532527959e-01 2.645941960536256632e-01 4.708707114931215965e-01
2.652052518322699504e-01 2.638115846810354936e-01 4.709831634866945560e-01
2.659096638442803862e-01 2.629385190360593594e-01 4.711518171196602545e-01
2.666475458712328495e-01 2.620045870384090092e-01 4.713478670903580858e-01
2.673515562660705447e-01 2.601518591995052310e-01 4.724965845344241688e-01
2.680827185974871685e-01 2.580862921148046052e-01 4.738309892877082818e-01
2.688014273744199212e-01 2.560249256913813554e-01 4.751736469341986679e-01
2.694482669792003238e-01 2.540308723495338095e-01 4.765208606712658113e-01
2.693373591733121408e-01 2.530092694784920049e-01 4.776533713481959098e-01
2.686337408737453636e-01 2.527457380476860749e-01 4.786205210785686170e-01
2.680045290328839092e-01 2.523722986603098573e-01 4.796231723068061781e-01
2.673580049130551695e-01 2.519977419982181166e-01 4.806442530887267695e-01
2.666696959042067494e-01 2.515699640190773856e-01 4.817603400767159205e-01
2.658578373250204407e-01 2.505948686738732611e-01 4.835472940011063536e-01
2.650571796577263495e-01 2.495438011974369097e-01 4.853990191448367963e-01
2.642412716205532197e-01 2.484835270014927877e-01 4.872752013779539371e-01
2.634148931522926063e-01 2.474041951611125612e-01 4.891809116865948326e-01
2.626717088742400730e-01 2.464328172996936850e-01 4.908954738260662976e-01
2.620073798885109717e-01 2.456314588560739587e-01 4.923611612554151251e-01
2.613237945979611787e-01 2.447874955486395443e-01 4.938887098533992770e-01
2.606123885637837700e-01 2.439350100328873117e-01 4.954526014033289183e-01
2.598853362682156387e-01 2.430324052496892762e-01 4.970822584820951406e-01
2.591968793441929986e-01 2.417081240545384535e-01 4.990949966012685479e-01
2.585270702116714281e-01 2.401005881119006036e-01 5.013723416764279683e-01
2.578395771136476888e-01 2.384687793712731985e-01 5.036916435150791127e-01
2.571312130161684806e-01 2.367871660983711379e-01 5.060816208854603815e-01
2.564482738595638689e-01 2.351315926649848453e-01 5.084201334754513413e-01
2.559001276439079042e-01 2.336796144774215822e-01 5.104202578786705136e-01
2.553456130211935182e-01 2.322001665611856946e-01 5.124542204176207871e-01
2.547763894586033140e-01 2.306815829419548436e-01 5.145420275994417869e-01
2.541928436018168758e-01 2.290741725048455191e-01 5.167329838933375497e-01
2.535957893478479885e-01 2.274098334738328120e-01 5.189943771783191995e-01
2.529840335405737495e-01 2.257133389273888735e-01 5.213026275320373770e-01
2.523656822234838781e-01 2.239205653896847448e-01 5.237137523868313771e-01
2.517344422086505995e-01 2.220639733981518704e-01 5.262015843931975301e-01
2.510517090985877053e-01 2.202725703170651528e-01 5.286757205843471974e-01
2.502095001072009994e-01 2.189115230719790306e-01 5.308789768208199700e-01
2.493050229284441976e-01 2.176245719067544382e-01 5.330704051648013087e-01
2.483769978826824709e-01 2.162921714928951467e-01 5.353308306244223269e-01
2.474067076890815176e-01 2.149234117775100650e-01 5.376698805334084730e-01
2.464462443337771536e-01 2.136764920828013725e-01 5.398772635834214739e-01
2.455180177159737021e-01 2.125796859894713009e-01 5.419022962945549970e-01
2.445601997322544019e-01 2.114322106433876858e-01 5.440075896243579123e-01
2.435636870008922039e-01 2.102549023775401871e-01 5.461814106215675535e-01
2.426070443318752989e-01 2.090016825455853766e-01 5.483912731225393244e-01
2.420111936358010918e-01 2.075228315332606766e-01 5.504659748309382872e-01
2.415180388621571694e-01 2.059258238712891043e-01 5.525561372665537263e-01
2.410173873740123485e-01 2.042457231196778134e-01 5.547368895063098382e-01
2.404805352876934754e-01 2.025517067594142517e-01 5.569677579528923284e-01
2.400765619040469701e-01 2.006365107311256502e-01 5.592869273648274353e-01
2.398380307753444352e-01 1.984102126284261747e-01 5.617517565962294457e-01
2.395620750602449611e-01 1.961241555409709569e-01 5.643137693987840819e-01
2.392693851096297508e-01 1.937687823845331003e-01 5.669618325058370933e-01
2.389512969574746903e-01 1.913863491625369395e-01 5.696623538799884257e-01
2.385799185700217540e-01 1.891958944928584518e-01 5.722241869371197387e-01
2.381938176579167510e-01 1.870219186737900330e-01 5.747842636682932715e-01
2.377984466909104921e-01 1.847884683132254846e-01 5.774130849958639677e-01
2.373787174784944831e-01 1.824854862297087266e-01 5.801357962917967903e-01
2.370579332663512173e-01 1.804454522042326925e-01 5.824966145294160347e-01
2.368373782946402439e-01 1.786712089373148071e-01 5.844914127680449489e-01
2.366194189905179157e-01 1.768472034871149123e-01 5.865333775223672275e-01
2.363906681518416764e-01 1.749720820372848706e-01 5.886372498108735085e-01
2.362225252761815386e-01 1.731422332576357803e-01 5.906352414661827366e-01
2.362749762700382949e-01 1.715714734670841235e-01 5.921535502628775260e-01
2.363647550067412562e-01 1.700189116138356438e-01 5.936163333794231001e-01
2.364523679707052350e-01 1.684310401996363948e-01 5.951165918296583701e-01
2.365317120558981245e-01 1.668000425791351660e-01 5.966682453649666540e-01
2.365531161649875869e-01 1.654015301080955513e-01 5.980453537269169173e-01
2.365468836883048986e-01 1.641561451420590068e-01 5.992969711696360946e-01
2.365447938519896764e-01 1.628859344181982083e-01 6.005692717298121153e-01
2.365409276292069207e-01 1.615171634342966733e-01 6.019419089364964615e-01
2.365122798629271661e-01 1.602587514737918717e-01 6.032289686632809067e-01
2.364365757688134395e-01 1.592231480873627092e-01 6.043402761438237958e-01
2.363813382112950889e-01 1.581096538189701306e-01 6.055090079697348360e-01
2.363260709653381975e-01 1.569657246349184243e-01 6.067082043997433782e-01
2.362936970530686298e-01 1.558183598509570444e-01 6.078879430959743813e-01
2.364504383503466256e-01 1.546752264907967911e-01 6.088743351588565833e-01
2.366963550600368893e-01 1.535002260810902630e-01 6.098034188588729032e-01
2.369411439376162831e-01 1.523054413038760213e-01 6.107534147585077511e-01
2.371984174660801692e-01 1.510862783022002276e-01 6.117153042317196032e-01
2.376099719733826277e-01 1.498878424855720759e-01 6.125021855410452964e-01
2.381437108680041770e-01 1.487065167523065057e-01 6.131497723796893728e-01
2.386664258002709760e-01 1.474878509535560989e-01 6.138457232461729252e-01
2.392157761199686372e-01 1.462781029863742255e-01 6.145061208936571928e-01
2.397450093157587614e-01 1.451424564793430960e-01 6.151125342048980871e-01
2.402139055378689769e-01 1.442177614251221041e-01 6.155683330370088635e-01
2.406814670310423732e-01 1.432981877344146060e-01 6.160203452345430764e-01
2.411567322164930305e-01 1.423639312156935732e-01 6.164793365678133963e-01
2.416128574225472336e-01 1.414537212514456188e-01 6.169334213260071476e-01
2.419126492257028249e-01 1.407592698583710611e-01 6.173280809159261695e-01
2.421741820476690510e-01 1.401289542255115261e-01 6.176968637268194229e-01
2.424497369890613041e-01 1.394842063975589852e-01 6.180660566133796552e-01
2.427260352875829086e-01 1.388303656258469410e-01 6.184435990865700949e-01
2.429428929014075811e-01 1.382214425995890172e-01 6.188356644990034017e-01
2.431116554601191471e-01 1.376529555282157702e-01 6.192353890116650827e-01
2.432852215337797386e-01 1.370752669829338188e-01 6.196395114832864426e-01
2.434754075223078962e-01 1.364757357045832675e-01 6.200488567731088363e-01
2.436717080255753620e-01 1.358554958885035413e-01 6.204727960859210967e-01
2.438772672227528249e-01 1.352061617446723707e-01 6.209165710325748044e-01
2.441014209266512691e-01 1.345483067856012571e-01 6.213502722877474183e-01
2.443307973450801196e-01 1.338820018856239358e-01 6.217872007692959446e-01
2.445558280868606049e-01 1.331959501161207315e-01 6.222482217970186635e-01
2.447964759632565990e-01 1.324602369038048177e-01 6.227432871329385833e-01
2.450393849987622663e-01 1.317309052929021007e-01 6.232297097083355775e-01
2.452941489036602474e-01 1.309868597436425475e-01 6.237189913526971496e-01
2.455516282563058317e-01 1.302456686364895644e-01 6.242027031072046039e-01
2.457870903501078175e-01 1.295312233613286068e-01 6.246816862885635757e-01
2.460251891877986985e-01 1.288005312284263848e-01 6.251742795837749167e-01
2.462621467503658956e-01 1.280671499582273221e-01 6.256707032914067268e-01
2.464934000729087082e-01 1.273395360093234618e-01 6.261670639177677744e-01
2.465629644538558929e-01 1.266537188273511028e-01 6.267833167187929488e-01
2.465719673369869414e-01 1.259780822325430316e-01 6.274499504304700270e-01
2.465844191782862738e-01 1.252910373483655526e-01 6.281245434733481181e-01
2.465979499580551737e-01 1.245975263036959158e-01 6.288045237382489105e-01
2.464887540394316567e-01 1.238862908631468418e-01 6.296249550974214459e-01
2.462946282178711810e-01 1.231626889309970219e-01 6.305426828511317972e-01
2.461037490276957174e-01 1.224323984304799273e-01 6.314638525418243553e-01
2.459113285718512731e-01 1.216883592300175287e-01 6.324003121981311981e-01
2.456503145945475031e-01 1.210204328032462584e-01 6.333292526022061830e-01
2.453150321575748860e-01 1.204302531434507939e-01 6.342547146989743201e-01
2.449800407504698629e-01 1.198294557624781653e-01 6.351905034870519717e-01
2.446497795265873965e-01 1.192224742599021781e-01 6.361277462135104255e-01
2.443624844109050787e-01 1.187200563024435329e-01 6.369174592866514439e-01
2.441164078004224303e-01 1.183641155128279943e-01 6.375194766867495755e-01
2.438624186887438650e-01 1.179953808382689928e-01 6.381422004729871977e-01
2.436190074758639579e-01 1.176333991595372996e-01 6.387475933645987425e-01
2.432380674673236265e-01 1.173035794266168441e-01 6.394583531060594739e-01
2.427457756299269964e-01 1.169990101015672135e-01 6.402552142685057346e-01
2.422562845167792189e-01 1.167060415562717335e-01 6.410376739269491031e-01
2.417619782691050045e-01 1.163975591864108150e-01 6.418404625444841249e-01
2.411999720838604588e-01 1.161444934326061329e-01 6.426555344835334083e-01
2.406138528812133970e-01 1.159073755917605641e-01 6.434787715270260389e-01
2.400196933261048993e-01 1.156670650656694832e-01 6.443132416082256730e-01
2.394199545854295286e-01 1.154184236932870311e-01 6.451616217212834403e-01
2.387689668439720303e-01 1.149610347191554194e-01 6.462699984368726058e-01
2.380909302073760392e-01 1.144118650248281410e-01 6.474972047677958198e-01
2.374040860245397178e-01 1.138620320433556543e-01 6.487338819321045724e-01
2.367061274634122969e-01 1.132988198428879212e-01 6.499950526936998374e-01
2.359208462805605921e-01 1.126247300037843679e-01 6.514544237156550954e-01
2.350777337397965683e-01 1.118837808616425233e-01 6.530384853985609084e-01
2.342258165091875011e-01 1.111378200129442551e-01 6.546363634778682439e-01
2.333601955691477214e-01 1.103744345089867629e-01 6.562653699218655712e-01
2.323661400074139016e-01 1.095164092328273497e-01 6.581174507597588041e-01
2.312441868714921189e-01 1.085638084789339874e-01 6.601920046495738381e-01
2.301195483220275784e-01 1.075989287345062717e-01 6.622815229434660944e-01
2.289806874253286773e-01 1.066143593220159058e-01 6.644049532526553614e-01
2.277373403424470810e-01 1.056601763655463655e-01 6.666024832920065535e-01
2.262998682905347780e-01 1.047632639077920036e-01 6.689368678016732739e-01
2.248639085352959754e-01 1.038362122516023334e-01 6.712998792131016357e-01
2.234014806386626084e-01 1.028967448986222166e-01 6.737017744627151750e-01
2.219029295704904592e-01 1.019307540621270380e-01 6.761663163673824473e-01
2.203092773845718444e-01 1.009181697284973200e-01 6.787725528869308356e-01
2.186679772955880119e-01 9.988937877378445407e-02 6.814426439306274785e-01
2.170023626138355421e-01 9.884583750608499919e-02 6.841517998800794587e-01
2.153119651334433060e-01 9.777709443409376977e-02 6.869109404324629242e-01
2.134736493307158312e-01 9.679442472461774472e-02 6.897319259446664796e-01
2.115253693798856971e-01 9.587260149695686628e-02 6.926020291231574921e-01
2.095498381864736581e-01 9.492808666174934462e-02 6.955220751517769973e-01
2.075439152242120611e-01 9.396725750828704982e-02 6.984888272675008336e-01
2.054937289256641986e-01 9.303347127485084300e-02 7.014727997994849584e-01
2.033864871705236554e-01 9.217280072633926569e-02 7.044407121031370789e-01
2.012574644961982462e-01 9.129555831539848398e-02 7.074469771884032143e-01
1.990893067717697251e-01 9.040826338910312732e-02 7.105024298391271476e-01
1.968768395197677545e-01 8.952686699286416250e-02 7.135962934873680830e-01
1.946128391242048505e-01 8.874064711969587016e-02 7.166465137560992238e-01
1.923149404858690570e-01 8.794879097131436119e-02 7.197362685428165818e-01
1.899792028640404085e-01 8.715162129418141390e-02 7.228691758417781221e-01
1.875982796532790764e-01 8.634767221455463826e-02 7.260540481321663409e-01
1.851396265107813632e-01 8.550339652371929944e-02 7.293569769654993928e-01
1.826273526025352645e-01 8.464499804685710060e-02 7.327276493506076349e-01
1.800695149194603828e-01 8.378121955149553379e-02 7.361492655290441389e-01
1.774709144523358151e-01 8.290408644565716578e-02 7.396249991020070746e-01
1.748186731145923156e-01 8.195525738934950066e-02 7.432260694960581837e-01
1.721283415614122125e-01 8.097638698636810961e-02 7.468952714522196779e-01
1.693921124642552845e-01 8.000422659846351259e-02 7.506036609372811474e-01
1.666033244725287354e-01 7.902334185755677254e-02 7.543733336699144365e-01
1.636850896704139524e-01 7.833105299430520585e-02 7.579838573352808417e-01
1.606847643832726158e-01 7.776376954299279998e-02 7.615514660737345842e-01
1.576466442552789116e-01 7.722545211191511605e-02 7.651279036328059169e-01
1.545650254502995424e-01 7.667782331387362760e-02 7.687571512358267745e-01
1.514933352350608664e-01 7.663689869675316402e-02 7.718697660681860251e-01
1.484073053966038502e-01 7.671180439665048478e-02 7.748808902067456650e-01
1.452892120749672000e-01 7.685256173065013741e-02 7.778582261943826071e-01
1.421946261324021354e-01 7.709885608023459014e-02 7.807065177873632189e-01
1.392736370500688992e-01 7.761468079570610357e-02 7.831116821542249973e-01
1.363590254995186712e-01 7.824937275559440408e-02 7.853916017448868692e-01
1.334511166247885905e-01 7.895778243272977281e-02 7.875911009424816367e-01
1.305406397136288366e-01 8.003498043984946797e-02 7.894243798465216955e-01
1.276388618155149812e-01 8.145429037365448099e-02 7.909068478108305378e-01
1.247613664128520150e-01 8.300716044599898424e-02 7.922314731411489452e-01
1.219039897328677013e-01 8.485356422177448010e-02 7.932424460453578741e-01
1.190899076058828943e-01 8.737327053391852338e-02 7.935368218601985824e-01
1.163255794377449082e-01 9.015119007057603717e-02 7.935232304916790547e-01
1.136110417586232435e-01 9.314167658826499885e-02 7.932472816531117576e-01
1.112065547838956281e-01 9.681227175394613305e-02 7.919811734621582389e-01
1.089037606233387301e-01 1.008049355694726756e-01 7.902913038071885943e-01
1.066856223861772368e-01 1.050605945607456793e-01 7.882537830530770284e-01
1.048246945573478306e-01 1.100220987317888088e-01 7.851532067108634161e-01
1.030927255673323439e-01 1.153281405833723738e-01 7.815791338492952267e-01
1.014950082883206983e-01 1.210194153621579893e-01 7.774855763495213123e-01
1.001280688967859933e-01 1.273640861773859267e-01 7.725078449258281355e-01
9.887317936777539895e-02 1.340324805519358398e-01 7.670943400802887613e-01
9.778163130542066872e-02 1.411597600711975709e-01 7.610586086233818159e-01
9.686315666943823288e-02 1.488074800842338341e-01 7.543293632463279330e-01
9.606864781830343203e-02 1.567376802518425372e-01 7.471936719298540863e-01
9.554548769005882791e-02 1.651054269364398142e-01 7.393490853735013024e-01
9.513971969299866993e-02 1.737407458726560883e-01 7.311195344343451863e-01
9.507367235621227985e-02 1.826786400517146358e-01 7.222476875920730288e-01
9.517706247902868455e-02 1.918550265532814603e-01 7.129679109676898552e-01
9.559965679468840349e-02 2.012331853570472617e-01 7.031671578482643348e-01
9.624840765852427094e-02 2.108037876788854126e-01 6.929478046625903165e-01
9.725735260633994184e-02 2.205808089758636292e-01 6.821618384177964289e-01
9.851820243952041922e-02 2.305248198772169577e-01 6.709569776832625676e-01
1.001242574126468554e-01 2.406631828526892836e-01 6.592125597346638610e-01
1.020387134957985165e-01 2.510148687188973327e-01 6.469464177853041509e-01
1.042352329643017605e-01 2.615958493327854573e-01 6.341689177029127267e-01
1.067622262257846288e-01 2.723963968912492817e-01 6.208413768829661450e-01
1.095912898720524664e-01 2.833815537456613187e-01 6.070271563822862149e-01
1.127310349036124704e-01 2.946054452442378180e-01 5.926635198521497117e-01
1.163319752989682709e-01 3.060198677205425710e-01 5.776481569804891025e-01
1.201656026562755164e-01 3.175164855909254902e-01 5.623179117527989934e-01
1.247169893502643179e-01 3.291016538695107352e-01 5.461813567802249469e-01
1.296252480322143130e-01 3.406337770502889661e-01 5.297409749174967208e-01
1.352242054976199315e-01 3.520793117575619080e-01 5.126964827448181605e-01
1.412588965778598382e-01 3.633989217063873234e-01 4.953421817157528384e-01
1.482495514017230787e-01 3.744266368749444851e-01 4.773238117233323807e-01
1.558045808704807134e-01 3.851419087904803806e-01 4.590535103390389615e-01
1.644676060445071641e-01 3.953007274138643501e-01 4.402316665416284858e-01
1.739145683496705064e-01 4.049518469669639575e-01 4.211335846833655916e-01
1.846560198689924659e-01 4.137580212881615260e-01 4.015859588428460358e-01
1.966228242011713034e-01 4.216637621803653868e-01 3.817134136184632820e-01
2.096716965851987968e-01 4.286875444733739826e-01 3.616407589414272206e-01
2.244160521880005366e-01 4.343893785686969711e-01 3.411945692433024924e-01
2.405403863552461330e-01 4.388921376024387255e-01 3.205674760423151137e-01
2.579486000849138261e-01 4.421714093283776181e-01 2.998799905867085558e-01
2.770236408741897915e-01 4.438959559252806386e-01 2.790804032005295143e-01
2.977560990677963204e-01 4.439490807814503448e-01 2.582948201507533348e-01
3.198828171038315960e-01 4.423920106524307228e-01 2.377251722437377091e-01
3.435197989629042992e-01 4.390578874270757437e-01 2.174223136100199572e-01
3.686838150306698814e-01 4.338031769775269053e-01 1.975130079918031856e-01
3.953991214885199668e-01 4.264955310570279767e-01 1.781053474544520843e-01
4.236269273948090053e-01 4.170704524412769398e-01 1.593026201639140826e-01
4.530464799068550930e-01 4.056313980990021717e-01 1.413221219941427631e-01
4.834754612456334533e-01 3.922772677351064052e-01 1.242472710192601415e-01
5.144011700626619499e-01 3.773272545779610132e-01 1.082715753593770369e-01
5.454697055796491334e-01 3.610667523553876546e-01 9.346354206496322592e-02
5.762063236055978699e-01 3.438871620025008013e-01 7.990651439190132876e-02
6.060288424153779108e-01 3.262928377234131094e-01 6.767831986120904919e-02
6.344693117999907761e-01 3.087698660348122681e-01 5.676082216519696272e-02
6.606201920272798400e-01 2.920764164421694176e-01 4.730339153055074936e-02
6.838010020543866530e-01 2.770007520944665069e-01 3.919824585114673604e-02
7.034955134569955693e-01 2.642818164556748339e-01 3.222267008732959681e-02
7.177956105882776772e-01 2.557022269643629553e-01 2.650216244735942653e-02
7.259964308916613263e-01 2.523614066384909371e-01 2.164216246984773662e-02
7.255118141882597183e-01 2.569177593690512573e-01 1.757042644268902443e-02
7.136232220951717053e-01 2.724172531405617548e-01 1.395952476426653988e-02
6.856450681056313057e-01 3.038698968183405347e-01 1.048503507602816139e-02
6.369281570456322150e-01 3.561024425130585591e-01 6.969400441309281380e-03
5.606880382965779841e-01 4.361843548277601901e-01 3.127606875661825825e-03
4.066102683688181951e-01 5.933897316311818049e-01 0.000000000000000000e+00
