1.978895535511533688e-01 7.973031567363546568e-01 4.807289712492002209e-03
1.842523388763293302e-01 7.974750766297813431e-01 1.827258449388935793e-02
1.642881557883442145e-01 7.984762584357986137e-01 3.723558577585717178e-02
1.441882550836632582e-01 7.961220529293240311e-01 5.968969198701267603e-02
1.262868537704044392e-01 7.893726255342292664e-01 8.434052069536636387e-02
1.116587919760223813e-01 7.783235319787090711e-01 1.100176760452685198e-01
9.987853446063507667e-02 7.639780947436614067e-01 1.361433707957035444e-01
9.044048195777674992e-02 7.473893483383389214e-01 1.621701697038842871e-01
8.276586960819269645e-02 7.295460498549080075e-01 1.876880805368992544e-01
7.627918153965403125e-02 7.112670148636701661e-01 2.124538035966758442e-01
7.055525878837237697e-02 6.930425691971129343e-01 2.364021720145146332e-01
6.531476738068220378e-02 6.752726276022082974e-01 2.594126050171094988e-01
6.041169652971822845e-02 6.581395833342864599e-01 2.814487201359953117e-01
5.576006743405359511e-02 6.417385450190257190e-01 3.025013875469206859e-01
5.129382576800878279e-02 6.261459373783725413e-01 3.225602368536186759e-01
4.693341051881319559e-02 6.114403096085931910e-01 3.416262798725935856e-01
4.261508751941517348e-02 5.976895617361959179e-01 3.596953507443889642e-01
3.829037022786549449e-02 5.849365464431256489e-01 3.767730833290088843e-01
3.391804035094148073e-02 5.732740774129043704e-01 3.928078822361541489e-01
2.946436291365686633e-02 5.627247269884705361e-01 4.078109100978725698e-01
2.491799155944254829e-02 5.532587898088324740e-01 4.218232186317249499e-01
2.028784141762232651e-02 5.448522537427914481e-01 4.348599048395862532e-01
1.558889452386466590e-02 5.375759789235042829e-01 4.468351265526310789e-01
1.085135524348274094e-02 5.314014436077283410e-01 4.577472011487889736e-01
6.121181798039110333e-03 5.262538808030501336e-01 4.676249373989107561e-01
1.445352526386112224e-03 5.220258674436965007e-01 4.765287800299173870e-01
3.174410265779942231e-03 5.122773324565715880e-01 4.845482572776484420e-01
7.695749505343241204e-03 5.004409574150081585e-01 4.918632930796486002e-01
1.202848995539118615e-02 4.895945879236015541e-01 4.983769221210072597e-01
1.628082261276431186e-02 4.793872091545227088e-01 5.043319682327129794e-01
2.047111883030172663e-02 4.698056256478421178e-01 5.097232555218561556e-01
2.462676503398231187e-02 4.607122282776395794e-01 5.146610066883781087e-01
2.879266622555837207e-02 4.520763636732112456e-01 5.191309701012304378e-01
3.302277825997124161e-02 4.440614440123740181e-01 5.229157777276547403e-01
3.730570744828842766e-02 4.365107101055775152e-01 5.261835824461340572e-01
4.169056180118102528e-02 4.292719205693898976e-01 5.290375176294290771e-01
4.605585699345826622e-02 4.223772033402244386e-01 5.315669396663172952e-01
5.039459321496558841e-02 4.157129865191229179e-01 5.338924202659115492e-01
5.458419058039742922e-02 4.093416060333555651e-01 5.360742033862470057e-01
5.875341619930746218e-02 4.032774002283043835e-01 5.379691835723882098e-01
6.281918925318380476e-02 3.976552276038880507e-01 5.395255831429280891e-01
6.689864498375303059e-02 3.923093450940213778e-01 5.407920099222255361e-01
7.081469113564886619e-02 3.877185975198282897e-01 5.414667113445228441e-01
7.468868490373148372e-02 3.834501388869313576e-01 5.418611762093371587e-01
7.854085802563021135e-02 3.793798006759354635e-01 5.420793412984342696e-01
8.236017228555531089e-02 3.755336394378314679e-01 5.421061882766132767e-01
8.610514155591236785e-02 3.717678081540165547e-01 5.421270502900711330e-01
8.970105776195874681e-02 3.680933570186482040e-01 5.422055852193931047e-01
9.327637645614628159e-02 3.645692090670572538e-01 5.421544144767964646e-01
9.688632117757617346e-02 3.611030373650705450e-01 5.420106414573532261e-01
1.003707985684255677e-01 3.578652670257419510e-01 5.417639344058324813e-01
1.038733290551177024e-01 3.548907212393196398e-01 5.412359497055626578e-01
1.073513160638518982e-01 3.520885703958631652e-01 5.405601135402849922e-01
1.108099360269838574e-01 3.493675572860168721e-01 5.398225066869992705e-01
1.142594200987536723e-01 3.466601731849836554e-01 5.390804067162626723e-01
1.176376955988666095e-01 3.441044704242820496e-01 5.382578339768513409e-01
1.209964568156399189e-01 3.414281473566611602e-01 5.375753958276988653e-01
1.243083537068828126e-01 3.389372285121170503e-01 5.367544177810000816e-01
1.275882188262978389e-01 3.364758631842199588e-01 5.359359179894822578e-01
1.308497254244803676e-01 3.342877176394878358e-01 5.348625569360317966e-01
1.340976642069761082e-01 3.321201635218918868e-01 5.337821722711320049e-01
1.372148417367441420e-01 3.303470706395065237e-01 5.324380876237493343e-01
1.402302711184251205e-01 3.287626982363507366e-01 5.310070306452241429e-01
1.431851870450769892e-01 3.273807472281512476e-01 5.294340657267717631e-01
1.460778891855288864e-01 3.260902040238483623e-01 5.278319067906227513e-01
1.489068058225528901e-01 3.249296119554117013e-01 5.261635822220354086e-01
1.517356537317254284e-01 3.238799436929515885e-01 5.243844025753229277e-01
1.546541975930962876e-01 3.227420573719842478e-01 5.226037450349194646e-01
1.574876940764467492e-01 3.217051712637155614e-01 5.208071346598376339e-01
1.603077336580494006e-01 3.207684864223330212e-01 5.189237799196175782e-01
1.631748428764844272e-01 3.199279798729951496e-01 5.168971772505204232e-01
1.659794269526458921e-01 3.191994709109321482e-01 5.148211021364219597e-01
1.687088646673325920e-01 3.185468323889212305e-01 5.127443029437461774e-01
1.709880688139819305e-01 3.183853300073793413e-01 5.106266011786387837e-01
1.731877696278023016e-01 3.182184263280682934e-01 5.085938040441294605e-01
1.752375046836204819e-01 3.180429161614382050e-01 5.067195791549413686e-01
1.772344546021603073e-01 3.179429932501014466e-01 5.048225521477381905e-01
1.791908926065595153e-01 3.179229938205119232e-01 5.028861135729285614e-01
1.811201312879307523e-01 3.178235120016712489e-01 5.010563567103980542e-01
1.833354407380466122e-01 3.175316644149297485e-01 4.991328948470236671e-01
1.856829602734386409e-01 3.171745931142431196e-01 4.971424466123182673e-01
1.880102701743349702e-01 3.168073867040055447e-01 4.951823431216594296e-01
1.903132737480395242e-01 3.164005810283463394e-01 4.932861452236141364e-01
1.925923031487396797e-01 3.160107801470087852e-01 4.913969167042515074e-01
1.948285995804170945e-01 3.157205763332548987e-01 4.894508240863280069e-01
1.970110443082778440e-01 3.154528050367123582e-01 4.875361506550098256e-01
1.986608736850875578e-01 3.155320298603651041e-01 4.858070964545473380e-01
2.003260044752109004e-01 3.156022569833145663e-01 4.840717385414745055e-01
2.018688333709522664e-01 3.157965217639243649e-01 4.823346448651233964e-01
2.033735084963212147e-01 3.160291622724206162e-01 4.805973292312581413e-01
2.048337961068028845e-01 3.162170028019727352e-01 4.789492010912243525e-01
2.062518694311411271e-01 3.163900798512385704e-01 4.773580507176203302e-01
2.076589325004221109e-01 3.165486528277559053e-01 4.757924146718219838e-01
2.092302579900853221e-01 3.166121883173018681e-01 4.741575536926128098e-01
2.108164695882374928e-01 3.166583624193985980e-01 4.725251679923639370e-01
2.122926252327499153e-01 3.167336196902927892e-01 4.709737550769573233e-01
2.137546533887833833e-01 3.168075809985344549e-01 4.694377656126821896e-01
2.151633379872214258e-01 3.168690372311897541e-01 4.679676247815888201e-01
2.165399573142355594e-01 3.169282109421850402e-01 4.665318317435794282e-01
2.179196671497344029e-01 3.169894142724062336e-01 4.650909185778593913e-01
2.189798672171848759e-01 3.171072165639039486e-01 4.639129162189111755e-01
2.197443923709394564e-01 3.172639113441564351e-01 4.629916962849041084e-01
2.205589777499340487e-01 3.174241226551220985e-01 4.620168995949438528e-01
2.211547806365889990e-01 3.177080991304193081e-01 4.611371202329916930e-01
2.217783811083137158e-01 3.179912183107796997e-01 4.602304005809065846e-01
2.224050959709534259e-01 3.182133481627122951e-01 4.593815558663342236e-01
2.230352139681961443e-01 3.183506309259731548e-01 4.586141551058307009e-01
2.236721143475667306e-01 3.184852907383864951e-01 4.578425949140467743e-01
2.246003741500225970e-01 3.185276719751473085e-01 4.568719538748300391e-01
2.258062920451490707e-01 3.183453089993319995e-01 4.558483989555189853e-01
2.269628960697054609e-01 3.182217041728978568e-01 4.548153997573966545e-01
2.281958588900834251e-01 3.179793191216184756e-01 4.538248219882980994e-01
2.295182833053079907e-01 3.175853627999767337e-01 4.528963538947152756e-01
2.308158409170782688e-01 3.172110184665059007e-01 4.519731406164158583e-01
2.321433233482554370e-01 3.167692029674404885e-01 4.510874736843041299e-01
2.334806865483135818e-01 3.162477057709823791e-01 4.502716076807040113e-01
2.347803075878591439e-01 3.155809671128931848e-01 4.496387252992476991e-01
2.360317287098878392e-01 3.147648977609862619e-01 4.492033735291259267e-01
2.372759979851712109e-01 3.140040440556554069e-01 4.487199579591733545e-01
2.385213840704048516e-01 3.132452586106875270e-01 4.482333573189075659e-01
2.397492407957066973e-01 3.125160291095787635e-01 4.477347300947145392e-01
2.408492585715407142e-01 3.119161228856861534e-01 4.472346185427731324e-01
2.419030919741581298e-01 3.113749917000289136e-01 4.467219163258129844e-01
2.429756451651659543e-01 3.108288018179397039e-01 4.461955530168942863e-01
2.440471103726864766e-01 3.102777973300343550e-01 4.456750922972791407e-01
2.449511748885183360e-01 3.099009679652463545e-01 4.451478571462353373e-01
2.458379144787788684e-01 3.095471617392772101e-01 4.446149237819439493e-01
2.467386368056373736e-01 3.091830720348518469e-01 4.440782911595107518e-01
2.476353625838463024e-01 3.088277865303078462e-01 4.435368508858458791e-01
2.485172681502239300e-01 3.084919938313116505e-01 4.429907380184643917e-01
2.493981861749144935e-01 3.081755570883143447e-01 4.424262567367711618e-01
2.502859311865892611e-01 3.078565465632348008e-01 4.418575222501759936e-01
2.510737742256053950e-01 3.076218608228441509e-01 4.413043649515505096e-01
2.517965968836487489e-01 3.074629055249972209e-01 4.407404975913540301e-01
2.526966305855521400e-01 3.071783358603014102e-01 4.401250335541463943e-01
2.536048773317143290e-01 3.068943133844787008e-01 4.395008092838069147e-01
2.543289081813006614e-01 3.066233300641556525e-01 4.390477617545436306e-01
2.549488711044210487e-01 3.063443715196974004e-01 4.387067573758816064e-01
2.555771756590683452e-01 3.060823029081448654e-01 4.383405214327867339e-01
2.561924555853847263e-01 3.058461655878732532e-01 4.379613788267420205e-01
2.566698987411618615e-01 3.056089012687895901e-01 4.377211999900484929e-01
2.570417661165950163e-01 3.053463491128063367e-01 4.376118847705985915e-01
2.574316930666099568e-01 3.050733696118158589e-01 4.374949373215742399e-01
2.577438298653160764e-01 3.048471045592953121e-01 4.374090655753886669e-01
2.580129247396424352e-01 3.046066808919049018e-01 4.373803943684527185e-01
2.582964629091045183e-01 3.043101315350624780e-01 4.373934055558329481e-01
2.585699298514785305e-01 3.040400357402275322e-01 4.373900344082939928e-01
2.588696480727539773e-01 3.037145553666220632e-01 4.374157965606239040e-01
2.592225959249684908e-01 3.033180212889221572e-01 4.374593827861094075e-01
2.598031672762789457e-01 3.026322745791808488e-01 4.375645581445402610e-01
2.604428996396287443e-01 3.018552790231198157e-01 4.377018213372514399e-01
2.610931196673847987e-01 3.010608392547755585e-01 4.378460410778396428e-01
2.617567899923451957e-01 3.002583266809852880e-01 4.379848833266695163e-01
2.627431547993177574e-01 2.990740491444461302e-01 4.381827960562360569e-01
2.639941652878806666e-01 2.975288505203350642e-01 4.384769841917843247e-01
2.652170444334578381e-01 2.960273165960196629e-01 4.387556389705225546e-01
2.664792323672389163e-01 2.944735781362002314e-01 4.390471894965608524e-01
2.677878436688465591e-01 2.928559859355074346e-01 4.393561703956459508e-01
2.691246528109370595e-01 2.911632170571012423e-01 4.397121301319617537e-01
2.704847514458948998e-01 2.894077771258494192e-01 4.401074714282556810e-01
2.718473668194731352e-01 2.876368908521809153e-01 4.405157423283460050e-01
2.732233921046883784e-01 2.858543835348277273e-01 4.409222243604838387e-01
2.745921811695992698e-01 2.840521828325208720e-01 4.413556359978798582e-01
2.756232923054572348e-01 2.825058761960205223e-01 4.418708314985222430e-01
2.765203880677683523e-01 2.810791193243479258e-01 4.424004926078837774e-01
2.774428456746587113e-01 2.796276170106283265e-01 4.429295373147129622e-01
2.783533101360532447e-01 2.781960251126954775e-01 4.434506647512512778e-01
2.792645142753166221e-01 2.767905065586148128e-01 4.439449791660685096e-01
2.799383610190371297e-01 2.755562020499511267e-01 4.445054369310117992e-01
2.804809267054654276e-01 2.744183930081148803e-01 4.451006802864196921e-01
2.809875397502911154e-01 2.733488809709648804e-01 4.456635792787440598e-01
2.814993170876134432e-01 2.722742927378956068e-01 4.462263901744910055e-01
2.820233662452057422e-01 2.711773254132138211e-01 4.467993083415804367e-01
2.824557630512484208e-01 2.702595035124611966e-01 4.472847334362904381e-01
2.827761727266180913e-01 2.694356384956044792e-01 4.477881887777773740e-01
2.831037767307037489e-01 2.686027416292208203e-01 4.482934816400754863e-01
2.834225688623127626e-01 2.677719517936264504e-01 4.488054793440608425e-01
2.837355575131370600e-01 2.669455669764071448e-01 4.493188755104558507e-01
2.839620411642921338e-01 2.661744753997340451e-01 4.498634834359737655e-01
2.841278164900719050e-01 2.654407051191683964e-01 4.504314783907597541e-01
2.842740762390825737e-01 2.647283972616216730e-01 4.509975264992956978e-01
2.844155744597951507e-01 2.640162975708799653e-01 4.515681279693249395e-01
2.845571754102934059e-01 2.632991380943838777e-01 4.521436864953226609e-01
2.847806199197018273e-01 2.624375062865320629e-01 4.527818737937660543e-01
2.849766326793006233e-01 2.614887760781969828e-01 4.535345912425023940e-01
2.851800214404855982e-01 2.605348203493063064e-01 4.542851582102081509e-01
2.853837869925748838e-01 2.595737413412566585e-01 4.550424716661684021e-01
2.855778305533592798e-01 2.586472692810278806e-01 4.557749001656127841e-01
2.857901680532988209e-01 2.576864085320902387e-01 4.565234234146109960e-01
2.860172726041029234e-01 2.566949901343925644e-01 4.572877372615045677e-01
2.862369710738682516e-01 2.557081806355335774e-01 4.580548482905982266e-01
2.864566923892850059e-01 2.547121283659263824e-01 4.588311792447886672e-01
2.866827110642306553e-01 2.536947989087809940e-01 4.596224900269884062e-01
2.868794008157646847e-01 2.526674325632602969e-01 4.604531666209750740e-01
2.870823133735435628e-01 2.516318968851485316e-01 4.612857897413079611e-01
2.873279373727105623e-01 2.505775332633705110e-01 4.620945293639189821e-01
2.875785155739872256e-01 2.495068316158428612e-01 4.629146528101698577e-01
2.877975561400977766e-01 2.484684405839265864e-01 4.637340032759756925e-01
2.879858277696668578e-01 2.475027929353629252e-01 4.645113792949702169e-01
2.881658358813101728e-01 2.465547878641018986e-01 4.652793762545879841e-01
2.883555153220095368e-01 2.455725198958212951e-01 4.660719647821691125e-01
2.885538090112873544e-01 2.445650789878737186e-01 4.668811120008389826e-01
2.887210239308313220e-01 2.435751124614864427e-01 4.677038636076822353e-01
2.887558581124075596e-01 2.426960695087024833e-01 4.685480723788899016e-01
2.887821036886890624e-01 2.418087320066462098e-01 4.694091643046646722e-01
2.888073723377652668e-01 2.409008940900663198e-01 4.702917335721684688e-01
2.887680167773093443e-01 2.399577828421580739e-01 4.712742003805325264e-01
2.886797598219190686e-01 2.390263745766809667e-01 4.722938656014000203e-01
2.884283523886834733e-01 2.381856160018436253e-01 4.733860316094729015e-01
2.881384283146948277e-01 2.373458114068354163e-01 4.745157602784698114e-01
2.878511241464797310e-01 2.364895969881094517e-01 4.756592788654107617e-01
2.875717974357435702e-01 2.356292570114936202e-01 4.767989455527628095e-01
2.873463473121247169e-01 2.346473989430675200e-01 4.780062537448078186e-01
2.871887538479344082e-01 2.335226104238888878e-01 4.792886357281767595e-01
2.870633580013530750e-01 2.323089570794425462e-01 4.806276849192043787e-01
2.869441789195472658e-01 2.310645721681314768e-01 4.819912489123212018e-01
2.867930178688403720e-01 2.298224287376940955e-01 4.833845533934654770e-01
2.869066695574488124e-01 2.283217672304035384e-01 4.847715632121477047e-01
2.871672306400122610e-01 2.266876047563083363e-01 4.861451646036794583e-01
2.874351434825267448e-01 2.250198095861858372e-01 4.875450469312873625e-01
2.876913204388471534e-01 2.233290058766079778e-01 4.889796736845449243e-01
2.879479639253412770e-01 2.215759055332990890e-01 4.904761305413595784e-01
2.877331196500444443e-01 2.203755399636470047e-01 4.918913403863086065e-01
2.874695576777284156e-01 2.192059409309128348e-01 4.933245013913587496e-01
2.871863608411345803e-01 2.180254557317325981e-01 4.947881834271328216e-01
2.869027563072384379e-01 2.168137039264157462e-01 4.962835397663457604e-01
2.865910721909054049e-01 2.156519268735089812e-01 4.977570009355856695e-01
2.862160199058411125e-01 2.146489961092071797e-01 4.991349839849517078e-01
2.858357265221655452e-01 2.136200930527354380e-01 5.005441804250990723e-01
2.854462230612016538e-01 2.125695046805438082e-01 5.019842722582544825e-01
2.850510144912338228e-01 2.114746195494526804e-01 5.034743659593134968e-01
2.846805992238879979e-01 2.104718416438230433e-01 5.048475591322889588e-01
2.843089344918010575e-01 2.095241257147746339e-01 5.061669397934243086e-01
2.839292689551357607e-01 2.085627082919432329e-01 5.075080227529210619e-01
2.835472391131150793e-01 2.075653106382733259e-01 5.088874502486115947e-01
2.831599403309295049e-01 2.065447559164592661e-01 5.102953037526112290e-01
2.827463353715636840e-01 2.055813745542695026e-01 5.116722900741668134e-01
2.823238149762364313e-01 2.046058044994050196e-01 5.130703805243584936e-01
2.818986235432253684e-01 2.036255140991823920e-01 5.144758623575922396e-01
2.814528189305539607e-01 2.026290887905847216e-01 5.159180922788613177e-01
2.811820018043719172e-01 2.014449654270632495e-01 5.173730327685648334e-01
2.810786894565331928e-01 2.001118626218820751e-01 5.188094479215846766e-01
2.809507574053785595e-01 1.987640448467283827e-01 5.202851977478930579e-01
2.808206786300389557e-01 1.973860921667258683e-01 5.217932292032351205e-01
2.806799398797202860e-01 1.960125816820289524e-01 5.233074784382507616e-01
2.807381392493303873e-01 1.944785730795728362e-01 5.247832876710968320e-01
2.807911148451997518e-01 1.929134653553319367e-01 5.262954197994683669e-01
2.808476877670132432e-01 1.913167404161579821e-01 5.278355718168287192e-01
2.809153714641776101e-01 1.896821179576819727e-01 5.294025105781404728e-01
2.808215202287884238e-01 1.882465805151809501e-01 5.309318992560306816e-01
2.805930097017467761e-01 1.869697772461631491e-01 5.324372130520901303e-01
2.803411467087936759e-01 1.856718882518684222e-01 5.339869650393379574e-01
2.800776699349699084e-01 1.843501596246817087e-01 5.355721704403483274e-01
2.797877674846823703e-01 1.830332150304349037e-01 5.371790174848827260e-01
2.792622133277479768e-01 1.819446272171287848e-01 5.387931594551232939e-01
2.787455525101022458e-01 1.808175105985462272e-01 5.404369368913515270e-01
2.782271171243108077e-01 1.796569114286706847e-01 5.421159714470185076e-01
2.776922930828391589e-01 1.784874591095282348e-01 5.438202478076326063e-01
2.771898269696800865e-01 1.771871834043822203e-01 5.456229896259376932e-01
2.766772993391534707e-01 1.758435517100220835e-01 5.474791489508245013e-01
2.761572318452892305e-01 1.744732304026781478e-01 5.493695377520325662e-01
2.756365290715516725e-01 1.730574324223710381e-01 5.513060385060772894e-01
2.751843544198084857e-01 1.716403364423673139e-01 5.531753091378242004e-01
2.747910044029472365e-01 1.702180625574326589e-01 5.549909330396201046e-01
2.744024912832426777e-01 1.687395787950506376e-01 5.568579299217066847e-01
2.740012301240750126e-01 1.672391613540140654e-01 5.587596085219109776e-01
2.736532257711686289e-01 1.656738579294765312e-01 5.606729162993547844e-01
2.734387937472755326e-01 1.639868028515540921e-01 5.625744034011703754e-01
2.732134781761893505e-01 1.622734810363527513e-01 5.645130407874578982e-01
2.729525352827035789e-01 1.605397201490383896e-01 5.665077445682580315e-01
2.726361762554391222e-01 1.587855367521063821e-01 5.685782869924544958e-01
2.721831487928583204e-01 1.570315608375010275e-01 5.707852903696406521e-01
2.717336341182310933e-01 1.552356827687297880e-01 5.730306831130390632e-01
2.712563991100550576e-01 1.534167378650500568e-01 5.753268630248948856e-01
2.707260971044965214e-01 1.515968451933580319e-01 5.776770577021453912e-01
2.699874435588451860e-01 1.501231291072375740e-01 5.798894273339172400e-01
2.692085317969542535e-01 1.486722814721891384e-01 5.821191867308566081e-01
2.683975526384508314e-01 1.471979878663296493e-01 5.844044594952194638e-01
2.675872736321486811e-01 1.456943129103547285e-01 5.867184134574966459e-01
2.669333607132968744e-01 1.440964083247286975e-01 5.889702309619744280e-01
2.663086228292184110e-01 1.424247571650427702e-01 5.912666200057388188e-01
2.656772580455933341e-01 1.407139670397936637e-01 5.936087749146129466e-01
2.649871230519070808e-01 1.390745157073581817e-01 5.959383612407347375e-01
2.641961004120334522e-01 1.376561572009391554e-01 5.981477423870273924e-01
2.634345183219704012e-01 1.362385897380002930e-01 6.003268919400293058e-01
2.626594499472225119e-01 1.348048848981544534e-01 6.025356651546230902e-01
2.617388204641057370e-01 1.336387338525297785e-01 6.046224456833645400e-01
2.607061357432893800e-01 1.326993105059346423e-01 6.065945537507759777e-01
2.596665708455903054e-01 1.317313735838607780e-01 6.086020555705489166e-01
2.585941346099880356e-01 1.307699347204955842e-01 6.106359306695163802e-01
2.572954062680944953e-01 1.302419282454831961e-01 6.124626654864223640e-01
2.559872367420861217e-01 1.296963505703141450e-01 6.143164126875997333e-01
2.546502529125646563e-01 1.291657073795167143e-01 6.161840397079186848e-01
2.533096424102636024e-01 1.286096734997268509e-01 6.180806840900096022e-01
2.519714819326023258e-01 1.280167217605362451e-01 6.200117963068614291e-01
2.506061317314930426e-01 1.274462000370174541e-01 6.219476682314895033e-01
2.492296749572238124e-01 1.268544655575927216e-01 6.239158594851834660e-01
2.477778342771241871e-01 1.263921328133219557e-01 6.258300329095538572e-01
2.462757129600524619e-01 1.260288610058294401e-01 6.276954260341180980e-01
2.447318165085162756e-01 1.256821838699332394e-01 6.295859996215504850e-01
2.431350362951897326e-01 1.252950255110282241e-01 6.315699381937820434e-01
2.412386221211476056e-01 1.254617744266313117e-01 6.332996034522210271e-01
2.392203491106282831e-01 1.258264680890365250e-01 6.349531828003351919e-01
2.371884405681761732e-01 1.262076350203173991e-01 6.366039244115063722e-01
2.351325479132173601e-01 1.266455562525672374e-01 6.382218958342154025e-01
2.329775580132422141e-01 1.272961243602033221e-01 6.397263176265545193e-01
2.307735221962819439e-01 1.280484085289173013e-01 6.411780692748006993e-01
2.285502440843012462e-01 1.288379465223150611e-01 6.426118093933836928e-01
2.263129822220815157e-01 1.296736074441702247e-01 6.440134103337482596e-01
2.240436974430025097e-01 1.305569915909261525e-01 6.453993109660712824e-01
2.217621292867968386e-01 1.314824150041355999e-01 6.467554557090675615e-01
2.194779794438117548e-01 1.324509923751568952e-01 6.480710281810313500e-01
2.171487533394012015e-01 1.334908321051653246e-01 6.493604145554334739e-01
2.147375498994766319e-01 1.346117900243566368e-01 6.506506600761666759e-01
2.123128314974281894e-01 1.357941914599206656e-01 6.518929770426511450e-01
2.098756913726350648e-01 1.370441300643087112e-01 6.530801785630562240e-01
2.074239309856950042e-01 1.383676693921535028e-01 6.542083996221514930e-01
2.049415504443396485e-01 1.398085324542091001e-01 6.552499171014513069e-01
2.024869700136364137e-01 1.413358187353890294e-01 6.561772112509746124e-01
2.000270001150484256e-01 1.429436064835813980e-01 6.570293934013701209e-01
1.975262375579511787e-01 1.447451695963954954e-01 6.577285928456533259e-01
1.949580524328264342e-01 1.468786380782087786e-01 6.581633094889648428e-01
1.924062283119387096e-01 1.491001462817262979e-01 6.584936254063350480e-01
1.898544415275956188e-01 1.514200897315238770e-01 6.587254687408804488e-01
1.872831000023165160e-01 1.540915350682527940e-01 6.586253649294306900e-01
1.847138508644318167e-01 1.570245750742466084e-01 6.582615740613215749e-01
1.821684986744367962e-01 1.600814908497469879e-01 6.577500104758161603e-01
1.796892589750904712e-01 1.632537040876984591e-01 6.570570369372110697e-01
1.775775229319586646e-01 1.663709779350928120e-01 6.560514991329485790e-01
1.755728008230255655e-01 1.695963035580616562e-01 6.548308956189127228e-01
1.735690490118390605e-01 1.730122150696287164e-01 6.534187359185322785e-01
1.719658507409524972e-01 1.762890020115921441e-01 6.517451472474553587e-01
1.708054312051292545e-01 1.794058473393344011e-01 6.497887214555363444e-01
1.696715528143462048e-01 1.827228478311285764e-01 6.476055993545252187e-01
1.686903823645010125e-01 1.861740191464225092e-01 6.451355984890764228e-01
1.682946506046038571e-01 1.895821661316121620e-01 6.421231832637839254e-01
1.679868613523679555e-01 1.931789470635315586e-01 6.388341915841004859e-01
1.677378524094980117e-01 1.969563365638452579e-01 6.353058110266567304e-01
1.681965349784899644e-01 2.008822566069538018e-01 6.309212084145562338e-01
1.687335784143840223e-01 2.049964656671210417e-01 6.262699559184948805e-01
1.694513252284923777e-01 2.092952772325546995e-01 6.212533975389529228e-01
1.707009416659413525e-01 2.137263371131365997e-01 6.155727212209219923e-01
1.721308057273061576e-01 2.183263765176701732e-01 6.095428177550236137e-01
1.737361296883464523e-01 2.231019360791226536e-01 6.031619342325308386e-01
1.758250261326701480e-01 2.280797933318619020e-01 5.960951805354679500e-01
1.779945349676188004e-01 2.332015908795690429e-01 5.888038741528122122e-01
1.804196727012511992e-01 2.385363570879006634e-01 5.810439702108481930e-01
1.831131835495178883e-01 2.440830335904942139e-01 5.728037828599878978e-01
1.859096370160679412e-01 2.497522024218365999e-01 5.643381605620955144e-01
1.890588441830071686e-01 2.555788569829287038e-01 5.553622988340640720e-01
1.923106302547420432e-01 2.615065835656898985e-01 5.461827861795680583e-01
1.959690805688945048e-01 2.674010866588194535e-01 5.366298327722860417e-01
1.998398116026420257e-01 2.732919728393985448e-01 5.268682155579594850e-01
2.040202268288764387e-01 2.791603219744458464e-01 5.168194511966777149e-01
2.085339619958481161e-01 2.849669268878018968e-01 5.064991111163500426e-01
2.133245812937782648e-01 2.906783034573816593e-01 4.959971152488401036e-01
2.184299022683753311e-01 2.962413025517594001e-01 4.853287951798652688e-01
2.238012417721002845e-01 3.016574693401559148e-01 4.745412888877437729e-01
2.294692372792036250e-01 3.068809731693976639e-01 4.636497895513987388e-01
2.354934939678316741e-01 3.117694865031519491e-01 4.527370195290164046e-01
2.417794657120740376e-01 3.164227708382512105e-01 4.417977634496746964e-01
2.483919391752653638e-01 3.207756020679610742e-01 4.308324587567735620e-01
2.552548066098379587e-01 3.248592623035999605e-01 4.198859310865620253e-01
2.623861718127173948e-01 3.286851946509684597e-01 4.089286335363141456e-01
2.697758174557199906e-01 3.322254735290041117e-01 3.979987090152758977e-01
2.773402467738976807e-01 3.355205053699015227e-01 3.871392478562007966e-01
2.851733170839880760e-01 3.384675138705742770e-01 3.763591690454376470e-01
2.932382793988705938e-01 3.410654549382824419e-01 3.656962656628469088e-01
3.015104377740037700e-01 3.433528139093072751e-01 3.551367483166890104e-01
3.100460945407838009e-01 3.452586487636043477e-01 3.446952566956119068e-01
3.188749035136115850e-01 3.468258466403657536e-01 3.342992498460226614e-01
3.278712746171605907e-01 3.481867483682364872e-01 3.239419770146029220e-01
3.370356017037937635e-01 3.494013468637000575e-01 3.135630514325062346e-01
3.463739298284268520e-01 3.505047503109202101e-01 3.031213198606529935e-01
3.558694064108390842e-01 3.515331280564640837e-01 2.925974655326968321e-01
3.655758757083107380e-01 3.524820962329879848e-01 2.819420280587012773e-01
3.755876757691329892e-01 3.533421365447837470e-01 2.710701876860833193e-01
3.859268619550139667e-01 3.540771641002233849e-01 2.599959739447627038e-01
3.966667996099810245e-01 3.546833812851643009e-01 2.486498191048546469e-01
4.077388071279454129e-01 3.552159640979558608e-01 2.370452287740987263e-01
4.191015074479971236e-01 3.557770548772103414e-01 2.251214376747925350e-01
4.306959114843518788e-01 3.564705172984481418e-01 2.128335712171999239e-01
4.424409872737091742e-01 3.574077467502390082e-01 2.001512659760518453e-01
4.542274065130088578e-01 3.587372871099995253e-01 1.870353063769915614e-01
4.660693731746803348e-01 3.604408571885435730e-01 1.734897696367760922e-01
4.780105174733301210e-01 3.625059479960096587e-01 1.594835345306602203e-01
4.899756241548850477e-01 3.649549479491099868e-01 1.450694278960049377e-01
5.018718253071124957e-01 3.677452031869284932e-01 1.303829715059590388e-01
5.136556620036518694e-01 3.708296675559394906e-01 1.155146704404087094e-01
5.252067632855670354e-01 3.741420653802929319e-01 1.006511713341400466e-01
5.362406825342006522e-01 3.777180005536914242e-01 8.604131691210788191e-02
5.463332813565282553e-01 3.816820500664346305e-01 7.198466857703711419e-02
5.547833425921925299e-01 3.865334181383809353e-01 5.868323926942660418e-02
5.601072081913032186e-01 3.933555754441122598e-01 4.653721636458451466e-02
5.598602560637115921e-01 4.043693128644523238e-01 3.577043107183609100e-02
5.503210771108373311e-01 4.234937116825048253e-01 2.618521120665773250e-02
5.241156567051374893e-01 4.576097926785043235e-01 1.827455061635807967e-02
4.724330737310541428e-01 5.164330680503347315e-01 1.113385821861112568e-02
3.850997346149764855e-01 6.102076275795564886e-01 4.692637805467025913e-03
2.008854739712404025e-01 7.991145260287595420e-01 0.000000000000000000e+00
